Head	01	02	03	04	05	06	07	08	09	10	11	12
o__16-39-46;f__	0	0	0	0	0	0	47.5026578329794	0	0	0	0	0
o__2-01-FULL-39-13;f__	0	0	0	0	0	0	0	612.302717394617	131.946968290139	0	0	0
o__2-01-FULL-47-10;f__	0	0	0	0	0	0	0	0	1383.12296370055	0	0	0
o__2-12-FULL-49-11;f__	0	0	0	0	0	0	205.935361142232	99.2003050350311	100.886860440203	0	0	0
o__2-12-FULL-49-11;f__2-12-FULL-49-11	0	0	0	0	0	0	33.2342164175123	156.351852032392	125.017513220061	95.6533417442706	0	0
o__2-12-FULL-50-11;f__	0	0	0	0	0	0	0	49.0229518266138	0	0	0	0
o__20CM-4-69-9;f__	0	0	0	0	140.050704831724	0	0	0	0	0	0	0
Xo__;f__	0	449.496983571122	0	0	881.717990129741	2241.45901001316	4634.58087119345	5252.23778871857	9213.62224655901	2820.68809703156	6099.95350844434	0
o__AKYH767-A;f__OLB10	0	0	0	0	0	0	0	95.6319478278457	0	0	0	0
o__AKYH767;f__	0	0	0	0	0	80.8877072521457	656.984037403568	2111.33502120394	774.038700994264	560.362563703478	932.585191787289	0
o__AKYH767;f__B-17BO	3041.50034572397	282.33382708738	0	1867.03977365099	1341.64557987924	381.181382108281	2803.4933895057	2757.82122826278	653.958155048125	411.508521960272	2912.61894888013	0
o__AKYH767;f__GCA-2737665	0	0	0	0	0	0	0	3140.5054402318	0	0	0	0
o__AKYH767;f__Palsa-965	0	0	0	0	0	0	430.764784973312	279.068140264123	1237.8703696524	0	0	0
o__AKYH767;f__UBA4408	0	0	0	0	0	0	213.425232498896	631.864387196771	148.711091189634	0	0	0
o__AKYH767;f__b-17BO	0	0	0	0	0	0	0	318.076244216954	0	0	0	0
o__Absconditabacterales;f__	0	0	0	0	0	0	0	122.606473190515	0	433.026784332911	0	0
o__Acetobacterales;f__	0	0	0	0	0	0	1162.24247786265	1675.11279817505	1314.89167253587	0	2134.09613253206	0
o__Acetobacterales;f__Acetobacteraceae	0	0	0	0	136.896767115093	635.53925536575	2520.94655206101	967.731873201675	1738.67519147756	333.066785947006	1022.18796293465	0
o__Acidimicrobiales;f__	0	0	0	0	0	0	43.9265943065377	801.819019215351	199.862507561549	0	0	0
o__Acidimicrobiales;f__Ilumatobacteraceae	2791.9043195117	1052.23600037267	3420.65311789622	6463.6034175763	2778.032062134	4523.79454873191	7823.60583345012	6796.295735002	8865.98258710178	9111.4574190528	7584.59580909242	6347.92587537871
o__Acidimicrobiales;f__Microtrichaceae	0	0	630.819630922198	206.051255368255	190.91852136877	0	295.363296691661	251.512841811201	0	57.6625506827562	0	0
o__Acidimicrobiales;f__UBA8139	1514.25616636322	1421.86713886961	15621.8588528615	4284.31441546507	11518.3321672771	3554.4505321405	4489.12212140305	2843.59729385745	2347.38399207572	2486.46510626631	3750.36547911293	3952.5361497053
o__Actinomycetales;f__Microbacteriaceae	10615.9494705712	1697.52449402456	4748.09244387966	1992.47228171349	8784.69902637144	11313.6558600891	16155.2551888071	1124.45047322692	275.876008761752	939.003150207121	3841.44579611752	13226.9232923463
o__Azospirillales;f__	0	0	0	0	0	202.070907842926	27.6389673713464	0	0	445.579236455253	819.205487841534	0
o__Azospirillales;f__Azospirillaceae	0	0	0	0	0	35.5717515626201	0	0	0	0	0	0
o__Azospirillales;f__Inquilinaceae	0	0	0	0	0	0	346.564027237445	0	0	0	0	0
o__Babeliales;f__GCA-2401785	0	0	0	0	0	0	268.265377276812	0	0	0	0	0
o__Babeliales;f__RVW-14	0	0	0	0	0	0	0	816.354829953585	0	2484.22857425715	0	0
o__Bacteriovoracales;f__	0	0	0	0	0	0	0	0	122.016577602473	0	0	0
o__Bacteriovoracales;f__Bacteriovoracaceae	0	731.595074560599	0	447.575795597297	0	0	42.2994954841917	167.177581507268	203.209095252228	0	504.685041024035	0
o__Bacteroidales;f__F082	0	0	0	0	0	0	0	202.325310577794	0	0	0	0
o__Bacteroidales;f__Lentimicrobiaceae	0	0	0	0	0	0	43.4297651663809	65.4807898115243	0	0	0	0
o__Bacteroidales;f__Paludibacteraceae	0	0	0	0	0	0	96.6242784327076	55.3097692154318	0	0	0	0
o__Bacteroidales;f__Prolixibacteraceae	0	0	0	0	0	0	0	88.3485318942035	0	0	0	0
o__Bdellovibrionales;f__Bdellovibrionaceae	0	0	0	0	0	0	0	232.649928913655	0	1871.70042481129	1861.63217641347	0
o__Betaproteobacteriales;f__	0	0	0	0	0	0	0	0	148.560285455531	0	0	0
o__Betaproteobacteriales;f__Burkholderiaceae	0	0	0	152.576630711454	82.2214530709685	460.672709874788	1265.60164350835	956.001692668962	2942.63364794455	1798.65032960433	189.427931718947	0
o__Betaproteobacteriales;f__Chitinibacteraceae	0	0	0	0	0	711.881138522023	0	0	0	0	0	0
o__Betaproteobacteriales;f__Gallionellaceae	0	0	0	0	0	0	736.846132997488	0	0	0	0	0
o__Betaproteobacteriales;f__Hydrogenophilaceae	0	0	0	0	0	0	0	80.8103295965353	0	0	0	0
o__Betaproteobacteriales;f__Methylophilaceae	0	0	0	0	0	0	0	0	147.752701696846	73.5871913418156	0	0
o__Betaproteobacteriales;f__Neisseriaceae	0	0	0	0	0	0	0	0	61.1930639338203	0	0	0
o__Betaproteobacteriales;f__Nitrosomonadaceae	0	682.51342864875	0	0	0	0	0	0	0	0	0	0
o__Betaproteobacteriales;f__Rhodocyclaceae	0	0	0	0	0	426.329704027096	0	0	0	0	0	0
o__Betaproteobacteriales;f__SG8-41	0	0	0	0	0	54.1330300366338	76.5486931111197	0	0	0	0	0
o__Betaproteobacteriales;f__UKL13-2	0	0	0	0	0	91.3855034937384	62.7721389372584	0	0	114.526550711864	0	0
o__Bin65;f__	0	0	0	0	0	0	52.1174182601452	0	0	0	0	0
o__Bin98;f__	0	0	0	0	0	286.83292686727	0	0	0	0	0	0
o__Bradymonadales;f__	790.446447233209	0	0	0	240.666998415132	218.79176136957	0	28.3438510419986	209.009207893448	88.6135060401017	430.576367017743	0
o__Bradymonadales;f__GCA-2716585	0	0	0	0	0	0	49.6131778861874	0	0	0	0	0
o__Bryobacterales;f__Bryobacteraceae	0	0	0	0	0	288.313049519831	596.089548215752	904.217100465793	0	451.386301377049	557.550976148649	0
o__Burkholderiales;f__	0	0	0	0	0	0	40.747170256025	0	0	0	0	0
o__Burkholderiales;f__Burkholderiaceae	17591.0397392488	24760.4214302062	13749.9540779002	5977.59866381909	9758.90147338428	16838.8476428965	13082.9330115172	12144.3489475086	12367.4243547246	16380.9473978311	25661.6787887279	31144.4544451007
o__Burkholderiales;f__Chitinibacteraceae	0	0	0	0	492.935969266826	166.812191338696	0	0	0	0	0	0
o__Burkholderiales;f__Ga0077523	0	0	0	0	0	0	0	211.378074237348	274.842027796826	314.511913010636	0	0
o__Burkholderiales;f__Gallionellaceae	0	1136.8627517866	2145.88741419089	2833.08031982652	0	231.641750110806	945.03639560465	0	126.680572148562	0	0	0
o__Burkholderiales;f__Methylophilaceae	0	1244.3084240709	0	0	0	214.959244104439	376.296637056257	255.132921632234	448.858544666726	1062.36590529353	600.373583919996	1819.29908110052
o__Burkholderiales;f__Neisseriaceae	0	350.933935390599	0	0	199.785022000113	265.647655378077	372.490715551402	0	0	0	0	0
o__Burkholderiales;f__Nitrosomonadaceae	0	1217.4642411828	0	0	0	0	0	0	0	0	0	0
o__Burkholderiales;f__Rhodocyclaceae	0	0	0	0	0	84.3097430575635	2049.01040224204	4179.76483838819	1009.16137659739	108.645726564172	0	0
o__Burkholderiales;f__SG8-39	0	198.534999741402	0	0	0	0	0	0	0	0	233.177701091216	0
o__Burkholderiales;f__SG8-40	0	0	0	0	0	0	40.7413093575337	0	0	0	0	0
o__Burkholderiales;f__SG8-41	0	0	317.682406060578	0	219.004302757789	108.586784645111	472.809812739535	101.705929590947	0	140.889848194571	500.371447588145	0
o__Burkholderiales;f__Thiobacillaceae	0	0	0	0	0	0	118.100491974981	965.375158920478	206.78462792734	0	0	0
o__Burkholderiales;f__UBA11063	0	0	0	0	0	0	162.691360637877	0	0	280.789951766334	0	0
o__Burkholderiales;f__UBA3065	0	0	0	0	0	0	0	27.9452756263825	0	0	0	0
o__Burkholderiales;f__UKL13-2	1781.9257862584	0	0	0	644.876145956293	2064.79585841526	866.894096605785	47.2219719110506	71.9863094708589	991.763693902688	1715.19934723992	1191.78188215186
o__CSP1-4;f__UBA10416	0	234.228996037853	0	225.9706970869	0	89.3641261425776	185.55018639794	163.779021538543	73.9889183608602	75.1529119394803	0	0
o__Caenarcaniphilales;f__	0	0	0	0	0	0	46.8824380185034	764.955504123165	0	0	0	0
o__Caenarcaniphilales;f__Caenarcanaceae	0	0	0	0	0	206.452741052066	129.117385871729	140.26335976427	0	253.444189440738	569.895664890294	1942.58984998042
o__Caenarcaniphilales;f__LMEP-6097	0	0	0	0	0	0	212.817500146036	1397.89827254929	143.565891756164	76.0998981359504	0	0
o__Caldilineales;f__Caldilineaceae	0	0	0	0	0	0	0	1453.8735266213	2065.21546067176	283.855631496736	0	0
o__Campylobacterales;f__Sulfurimonadaceae	0	0	0	0	0	0	0	0	0	507.123398792522	0	0
o__Capsulimonadales;f__	0	0	0	0	183.673068056595	336.175012813779	111.69851214432	0	0	65.6283436273581	1390.81752020133	1184.15322979834
o__Caulobacterales;f__Caulobacteraceae	8745.76618203808	0	700.772531065728	1106.74041056136	2177.28658966415	6918.69019430078	3361.14198541798	751.91620044047	2064.68263404062	3276.19913637067	6524.2746692701	1854.25861055092
o__Caulobacterales;f__Hyphomonadaceae	0	0	0	0	0	927.67190566472	795.520141114153	5101.58296060201	2399.85981645382	1171.66621509327	1726.42699759216	0
o__Chitinophagales;f__	0	0	0	0	163.904753009667	100.611905256584	0	0	300.279246809445	0	0	0
o__Chitinophagales;f__Chitinophagaceae	3343.66888223019	5567.6109130228	3079.61364496044	0	33928.1971886	11322.0682579894	16310.2317259929	15328.8457515024	16150.3163876676	14111.9259529675	8000.3233269488	13396.0268864975
o__Chitinophagales;f__LD1	0	0	0	0	605.073903446116	5067.78192960345	514.972596837082	125.333104295812	253.270839729226	3271.53524698644	371.171616889838	1922.48036304227
o__Chitinophagales;f__Saprospiraceae	793.617820773955	243.357699426401	1057.58669839956	1719.03179080042	1568.87043208568	790.048473446658	1182.52936380902	2794.12183770636	1247.20909419451	519.119904392437	771.251041294146	1713.37892945918
o__Chitinophagales;f__UBA10324	0	0	0	0	0	0	153.771868220191	795.472800931357	741.167454920753	118.808729555478	0	0
o__Chitinophagales;f__UBA8649	3612.8590358741	240.374960406196	0	0	1273.71223446507	12096.5193663081	1525.24555238456	144.458834216454	682.499081328774	4142.47192410274	7324.15217065004	0
o__Chloracidobacteriales;f__	0	0	0	0	0	0	0	0	54.2249105014789	0	194.859354279114	0
o__Chloroflexales;f__Roseiflexaceae	0	0	0	0	489.557321098529	0	44.7187087820955	77.9227987287129	59.168209720549	0	0	0
o__Chthoniobacterales;f__	0	0	0	0	0	116.957763594247	90.6221073914159	2257.21977477914	395.367125646489	499.459142209262	735.863882279812	0
o__Chthoniobacterales;f__Chthoniobacteraceae	0	898.370388613985	951.530293208312	287.822292416649	0	742.800959168557	4210.25400001311	2498.67327077842	2851.30329433382	3027.59654625717	726.700328516476	0
o__Chthoniobacterales;f__Terrimicrobiaceae	0	0	1708.15340888016	934.74174985821	1146.0578775278	757.56921442855	2002.88934530898	1625.60417650592	1203.33652337512	1193.17108561247	2823.62183174748	1194.71942214864
o__Chthoniobacterales;f__UBA6821	0	359.049378577862	503.198072771687	0	803.32893805727	2042.60868364988	889.269831289426	249.487584291783	0	232.73378318436	962.185590318571	0
o__Corynebacteriales;f__Corynebacteriaceae	0	0	294.390556374572	0	109.911384842388	40.6676979963098	381.721570529062	243.031142582613	195.305367331512	106.222956594762	0	0
o__Coxiellales;f__	0	0	0	0	0	0	0	0	118.364767824616	0	0	0
o__Coxiellales;f__Coxiellaceae	0	0	0	0	0	0	84.9254323586382	181.763489110814	0	0	0	0
o__Cyanobacteriales;f__Cyanobacteriaceae	0	0	0	0	0	0	0	0	0	160.518201176773	0	0
o__Cyanobacteriales;f__Geitlerinemaceae	0	0	0	0	0	0	0	0	0	122.569927873046	0	0
o__Cyanobacteriales;f__Microcystaceae	0	0	0	0	0	463.902589343514	204.588045186014	349.344806235151	671.420361539965	1874.95675732563	1197.1177992931	0
o__Cyanobacteriales;f__Nostocaceae	4624.70427082871	982.733676462536	0	1962.40970179152	2292.68365472966	8570.58342528079	6496.79014753723	3470.97705598402	2646.7403857929	3674.31513038647	9669.01536511103	5261.5769803058
o__Cyanobacteriales;f__Phormidiaceae	0	0	0	0	0	0	2042.67807441483	2246.51229548867	3187.8781507775	3641.34166044459	852.765679857674	0
o__Cytophagales;f__	0	0	0	0	0	0	0	42.5458404440624	0	70.2924804357495	0	0
o__Cytophagales;f__Amoebophilaceae	0	0	0	0	0	0	0	0	99.9022724405689	806.453491755218	3093.19439413958	1337.63959743234
o__Cytophagales;f__Bernardetiaceae	0	0	0	0	0	121.200558549783	0	0	0	0	0	0
o__Cytophagales;f__Catalimonadaceae	0	0	0	0	62.3217226020079	0	47.5504449083751	371.564688956692	384.12330060498	0	0	0
o__Cytophagales;f__Cyclobacteriaceae	0	0	0	916.33583131324	1139.60552842482	1772.12710189303	875.941371578138	449.095583635225	215.083572188513	1744.96068185052	1454.22018212996	0
o__Cytophagales;f__Spirosomaceae	0	877.086753992585	4609.09117635101	391.55377695071	2836.57497917147	5457.54662766815	693.260569269991	32.8740537351896	0	403.726212016266	835.836675812949	10244.5757964755
o__Cytophagales;f__UBA9547	0	0	0	0	0	63.0902630646852	0	0	75.1924056170116	0	0	0
o__Elainellales;f__Elainellaceae	0	0	0	0	0	0	0	0	53.6768623333174	0	0	0
o__Elsterales;f__Elsteraceae	0	0	0	0	0	213.877246633301	0	0	0	0	311.509804952133	0
o__Fimbriimonadales;f__Fimbriimonadaceae	0	0	0	0	0	0	1815.10121949682	4973.61833479115	1873.00557352784	214.691479658734	0	0
o__Flavobacteriales;f__	0	0	0	4525.80263780468	0	265.911258609507	688.257939995606	467.79960102504	485.316951122284	251.314282798666	0	0
o__Flavobacteriales;f__Crocinitomicaceae	1731.62535567657	8382.03147085629	1731.10163992685	488.304204166089	21483.9005074176	23513.7524115272	4712.02170716478	4364.60890572841	14386.2457299628	33279.7102079633	9204.79353234375	1233.27402712108
o__Flavobacteriales;f__Cryomorphaceae	0	0	0	151.99747635878	366.30758631314	0	44.097706053766	61.2172571441757	0	79.5571285723004	0	0
o__Flavobacteriales;f__Flavobacteriaceae	2470.34479923009	578.226098809334	456.558829418032	8099.47209621054	10045.266168714	11017.5869899179	9891.41591923465	2260.24316948326	2836.53230815208	9454.01448902851	19021.256283874	0
o__Flavobacteriales;f__GCA-002722245	0	0	0	0	74.1561045369843	206.11004265391	332.135347356117	420.417584317828	181.047466968384	296.4414835866	123.883291336788	0
o__Flavobacteriales;f__GCA-2400975	0	0	0	0	0	0	154.924794254015	0	0	0	0	0
o__Flavobacteriales;f__GCA-2746335	0	0	0	0	0	0	81.5661341176319	0	0	122.939950752765	0	0
o__Flavobacteriales;f__PHOS-HE28	0	0	0	0	289.108004958463	175.375055313562	2240.68297022835	2810.28441593837	2957.15007730474	1290.14560593526	1027.78950098057	2826.23891398553
o__Flavobacteriales;f__Schleiferiaceae	0	0	0	0	1052.29776233796	1487.31734445719	528.240196891459	119.173281117596	205.335807900551	617.569397912308	1090.92244458257	1096.71252211213
o__Flavobacteriales;f__UA16	0	660.527953263865	2614.53500180571	1182.83054869088	14406.1407744867	4096.25391196179	2041.94333688316	1138.21024062538	5910.19816875599	6725.52522599503	22236.8666728207	0
o__Flavobacteriales;f__UBA10329	0	0	0	0	0	0	0	0	535.210890858092	697.518437479797	5093.68091651995	0
o__Flavobacteriales;f__UBA2798	0	0	0	0	0	0	0	216.526192760052	95.6161853660982	0	96.8854466714736	0
o__Flavobacteriales;f__Weeksellaceae	0	0	0	0	0	0	0	0	0	129.609410739019	0	0
o__Francisellales;f__	0	0	0	0	0	0	0	518.029670039223	0	485.891660385389	0	0
o__Francisellales;f__Francisellaceae	0	0	0	0	0	0	0	0	555.551880917762	0	0	0
o__GCA-2729495;f__GCA-2729495	0	0	0	0	0	0	104.356157061116	191.006978904029	0	0	0	0
o__Ga0077536;f__Ga0077536	0	0	0	0	0	51.0767055673159	0	0	0	73.7738010609099	110.967645257035	0
o__Ga0077560;f__Ga0077560	0	1396.29792780692	520.259786351996	0	68.9592216053221	128.156234112877	0	29.2563607552701	0	148.316708065721	577.210018621013	1996.7801018053
o__Gaiellales;f__F1-60-MAGs149	1517.79203288356	0	272.366283518452	616.913999225569	1031.61481582303	264.959915763519	639.459290792352	347.060646969915	745.300965595175	1299.30842624557	728.845278825902	0
o__Gaiellales;f__SKUG01	0	0	0	0	0	0	0	39.2695048836598	0	0	0	0
o__Gemmatales;f__	0	0	0	325.171200640364	0	0	978.181713167832	0	410.363875036869	199.431700590693	0	0
o__Gemmatales;f__Gemmataceae	7494.68128500914	1397.27473969021	316.455192095129	569.627559944141	420.316003509903	565.32955691431	2190.46572654398	1099.62637862292	6121.34722680378	1487.01867344357	5527.30162950537	3172.41154339268
o__Gemmatimonadales;f__Gemmatimonadaceae	0	1469.11781343618	2649.49878678328	1682.08996629181	781.496278728436	1507.08395377039	1518.07813293612	3650.93816616464	1278.59858472439	480.921802917923	286.164578901781	0
o__Holosporales;f__	0	0	0	5379.37897389304	1265.72906811759	47.8581649887649	860.378877686379	680.576565677699	440.742600031129	1005.74152672209	1839.8374971767	0
o__Hydrogenedentiales;f__	0	0	0	0	0	0	0	87.6530264965933	1254.7594179291	179.06586550073	0	0
o__IMCC26256;f__	0	0	0	0	0	0	0	40.9280699614093	99.0683012453084	0	0	0
o__IMCC26256;f__IMCC26256	0	0	0	0	0	0	0	0	723.230520301116	115.703429197848	0	0
o__IMCC26256;f__PALSA-555	0	0	0	0	0	0	0	509.698258356496	1480.82813933582	0	0	0
o__Isosphaerales;f__	0	0	0	0	0	0	0	0	0	73.563796088015	0	0
o__Isosphaerales;f__Isosphaeraceae	0	0	0	0	0	0	0	0	72.7261941206509	81.3068907404922	195.239572121124	0
o__J057;f__	0	0	0	0	0	53.7571645786162	102.401891153887	148.972319046406	0	0	0	0
o__Kapabacteriales;f__	0	0	0	0	0	0	35.8414707245951	82.2939961411429	236.680207925001	86.7354896154878	0	0
o__Kapabacteriales;f__GCA-002839825	0	0	0	0	0	0	0	0	0	0	164.153825510147	0
o__Kapabacteriales;f__Kapabacteriaceae	0	0	0	0	0	118.351670897745	2147.12675959895	4295.80439510853	4048.66422852155	741.202070180061	0	0
o__Kapabacteriales;f__NICIL-2	0	0	0	0	0	0	70.7681995433682	119.963412463799	0	0	0	0
o__Kapabacteriales;f__UBA4661	0	0	0	0	0	0	50.7887094751317	0	0	0	0	0
o__Kapabacteriales;f__UBA961	0	333.121450754881	0	0	869.499419775351	1816.6879082758	355.633204309926	729.284183819599	700.845903191642	858.249928142268	705.056830361736	3639.89499327118
o__Kiritimatiellales;f__Pontiellaceae	0	0	0	0	0	0	229.091607324507	0	0	0	0	0
o__Kiritimatiellales;f__UBA1859	0	0	0	0	0	0	54.8295355639837	0	0	0	0	0
o__LZORAL124-64-63;f__LZORAL124-64-63	0	0	0	0	0	0	0	43.122184178659	0	0	0	0
o__Legionellales;f__Legionellaceae	0	0	0	0	0	0	0	0	94.5566718003481	207.097997558401	0	0
o__MC1;f__	0	0	0	0	563.717938257929	71.3363125535876	0	163.554225241533	0	0	0	0
o__Magasanikbacterales;f__2-02-FULL-50-9b	0	0	0	0	0	0	0	97.5936563392632	0	0	0	0
o__Magnetococcales;f__	0	0	0	0	0	0	0	41.1852514817859	0	0	0	0
o__Methylacidiphilales;f__UBA3015	0	0	0	0	332.732678037615	177.114032216397	4077.52818813737	2537.04838377732	14568.0187908529	2919.21639878791	0	0
o__Methylococcales;f__Methylococcaceae	0	0	0	0	0	0	0	35.887388828813	979.436639311548	1970.15875641815	1349.78982506636	0
o__Methylococcales;f__Methylomonadaceae	0	0	0	0	0	0	44.0221391750213	0	0	644.814711945091	2341.38452493965	2016.83675253512
o__Micavibrionales;f__Micavibrionaceae	0	0	0	0	0	0	666.59093038414	0	0	0	0	0
o__Microtrichales;f__	0	0	0	1191.13966791159	496.703659685502	189.603674162407	638.593132622988	635.30288721539	719.098837951446	293.410191677872	0	0
o__Microtrichales;f__Ilumatobacteraceae	0	0	0	0	256.110557102283	71.2277143455374	584.607954181361	945.813016370703	2912.60939403184	557.123003949633	0	0
o__Microtrichales;f__Microtrichaceae	0	0	0	0	443.569109485885	0	101.59822655168	0	0	0	0	0
o__Microtrichales;f__UBA8139	0	0	0	412.399420363453	264.380358819518	0	74.6308970191667	0	0	79.4677877759913	107.948850317338	0
o__Mycobacteriales;f__Mycobacteriaceae	2136.93497363866	1647.14742624748	1050.51779186848	999.982113038996	1883.89387076914	3026.70837248615	2132.6099026085	1555.31089302328	1316.82128330029	2163.75230689216	3559.23083732437	3398.31873317501
o__Myxococcales;f__Myxococcaceae	0	0	0	0	0	0	1171.27905260059	214.923894165365	473.761039332371	0	0	0
o__NS11-12g;f__	0	0	0	0	0	309.469228710159	0	0	0	333.067946946666	1511.91955462544	0
o__NS11-12g;f__UBA9320	0	0	0	760.95896571214	0	0	0	0	0	106.844489948498	0	0
o__NS11-12g;f__UBA955	0	0	0	0	2003.37601587621	1030.7475058578	3009.08109346062	593.381820134267	1087.44508268839	1443.49375148534	1147.24364047889	0
o__NS11-12g;f__UKL13-3	0	215.076078816488	0	168.120920662157	7539.32270321738	2761.60498830454	2230.49522937707	2341.97774046192	2652.73275664032	0	3225.29271024323	1556.76022483766
o__Nannocystales;f__Nannocystaceae	0	0	0	0	0	0	0	333.728046596189	0	0	0	0
o__Nanopelagicales;f__	0	0	501.668043338553	0	0	94.5220688222643	103.371538271573	0	0	107.405717490024	263.613899472931	0
o__Nanopelagicales;f__AcAMD-2	0	0	295.805383420576	0	0	0	0	0	0	0	0	0
o__Nanopelagicales;f__AcAMD-5	0	827.441702164124	0	0	126.915283578843	239.712207839941	171.923041551215	859.607050904795	1589.27010862953	1106.99886518903	2818.26135124821	0
o__Nanopelagicales;f__Nanopelagicaceae	1716.6408518631	10229.5152310742	5630.70938984535	3451.44735773441	4743.346703696	5168.56961439916	7562.18493906607	4813.0821552112	4625.33641376494	5099.58789826317	4208.02211243858	3817.8228823339
o__Nanopelagicales;f__S36-B12	2661.53753705417	1403.40565656118	4936.81950367026	1840.08168919917	914.61326896951	1103.94502301426	1481.66900870501	1569.65671132788	1253.38905587536	917.934924242285	891.856553823373	10330.518027259
o__Nanopelagicales;f__UBA12327	0	0	275.131620820881	0	60.9917493403717	94.5697334221313	42.1818108830063	0	0	76.6410198118715	326.706652487328	0
o__Nanopelagicales;f__UBA5976	0	0	657.885550180811	0	0	182.805965090898	0	0	0	0	109.555947868253	0
o__Nevskiales;f__Nevskiaceae	0	0	0	0	7291.6975132194	0	0	0	0	0	0	0
o__Obscuribacterales;f__	0	0	0	0	0	0	0	0	0	0	896.409816232314	0
o__Obscuribacterales;f__Obscuribacteraceae	0	0	0	0	0	1054.60583575757	145.881114893264	3393.98611844623	9739.06580445646	0	426.777545358775	0
o__Oligoflexales;f__	0	0	0	0	0	0	386.026670004496	523.166548087258	0	0	101.331797429775	0
o__Oligoflexales;f__Bog-1112	0	0	0	0	0	0	0	54.827327278438	1370.78817090756	0	0	0
o__Opitutales;f__Opitutaceae	1968.5821519198	1008.26121184125	1324.09360095329	719.591967946152	692.740071605391	1164.29480022968	2231.70011279364	3187.43918861277	2997.84373887722	2068.99417243481	7330.16271459557	2508.57133672467
o__Opitutales;f__UBA953	846.796411307708	7527.69346677291	3706.87729063175	2695.13500282662	4040.65623711503	4824.25128943926	1694.16612097778	590.767734507159	532.855458154596	2613.73464341458	7901.13253076728	11522.888516492
o__PCC-6307;f__Cyanobiaceae	0	0	0	0	337.817520264952	6053.3644065391	7501.52921903766	16243.5155581001	16682.5379143645	9940.06798525064	3452.01906097806	0
o__Paenibacillales;f__	0	0	0	0	0	61.969944398066	0	0	0	0	0	0
o__Paenibacillales;f__Paenibacillaceae	0	0	0	0	0	227.086150579745	0	0	0	0	0	0
o__Paracaedibacterales;f__	0	0	0	0	0	0	0	0	83.862921881235	0	0	0
o__Paracaedibacterales;f__UBA11393	0	361.387012683371	0	1272.86150439012	665.236169910091	0	33.7671170419385	351.899421044409	122.780014178664	672.942848162122	432.893119316305	0
o__Parachlamydiales;f__Parachlamydiaceae	1430.08898575706	0	1346.0818792587	240.723020980762	237.247230489359	0	0	0	0	0	0	0
o__Pedosphaerales;f__	0	0	0	0	0	65.154741151929	39.7492836557439	0	51.8411350453082	78.1934319585395	0	0
o__Pedosphaerales;f__SXTU01	0	0	0	0	0	0	0	0	0	56.8389456264035	0	0
o__Pedosphaerales;f__UBA11320	0	0	0	0	0	0	0	0	58.8568331331652	65.6293523617772	0	0
o__Pedosphaerales;f__UBA9464	0	0	0	0	325.900536142204	1034.64983627868	1120.7293367834	1484.16576328134	1251.29831188702	629.185768789828	107.947248973841	0
o__Pelagibacterales;f__Pelagibacteraceae	0	0	0	0	75.53986322481	0	130.913560730555	0	0	0	97.1231579464848	0
o__Phormidesmiales;f__Phormidesmiaceae	0	0	0	0	0	0	732.029346699069	4723.4352944375	2903.81821069881	450.834797846691	0	0
o__Phycisphaerales;f__SM1A02	949.356971977767	1410.08236746708	6402.534258856	4126.66265013521	2032.00021220564	49.0402094658406	3027.71335879732	4503.12052999811	2879.75909131366	4866.3745259304	1358.00275099162	0
o__Pirellulales;f__Pirellulaceae	0	0	0	250.726114521718	277.49995200281	906.093798638309	11293.3979057707	18582.1641378212	18068.6833507161	6388.7461336301	523.374417447888	0
o__Pirellulales;f__UBA1268	1887.18451492136	1019.16263346562	2311.82474708022	630.949253371909	1284.79637451618	873.317346495137	5447.75406057398	5226.95547141936	5245.26579181671	9022.14151714036	3342.05203222953	1209.57718708249
o__Planctomycetales;f__	0	0	0	0	0	0	0	59.3868199399605	504.275528589449	0	0	0
o__Planctomycetales;f__Planctomycetaceae	0	0	1432.84178493882	2522.66768377471	1356.11007857304	398.693676646736	1604.42286386431	694.51240403735	1557.93833492012	1517.29793835192	2336.62883234665	0
o__Planctomycetales;f__UBA10511	0	0	0	0	0	0	701.499800166411	1129.94083556023	383.513181552484	283.165784345565	0	0
o__Polyangiales;f__	0	0	0	0	0	0	167.403803303684	90.8802974560296	220.16597579682	241.462992554035	0	0
o__Polyangiales;f__Ga0077539	0	0	0	0	0	0	129.163643501284	131.010768438862	222.945883273261	122.634823190144	256.029469944045	0
o__Polyangiales;f__Polyangiaceae	0	0	0	0	0	0	1837.5850770256	1362.27068652584	1376.32575606094	100.746462250622	0	0
o__Polyangiales;f__SG8-38	0	0	0	0	0	0	147.554246478264	0	0	0	0	0
o__Polyangiales;f__Sandaracinaceae	0	0	0	0	0	252.638082678388	508.070988662028	349.720755397574	566.377495234722	0	0	0
o__Pseudanabaenales;f__Pseudanabaenaceae	0	0	0	0	140.928812104775	3063.20743433623	2612.6990214989	841.040248032977	2404.4803251834	2487.50040541818	651.578409485058	0
o__Pseudomonadales;f__HTCC2089	0	0	0	0	0	0	122.086806112932	0	204.234574951392	78.8311135317548	0	0
o__Pseudomonadales;f__Pseudohongiellaceae	0	295.090390607332	0	1239.84840137704	266.707973359219	209.026204856502	0	0	0	0	239.722173686294	0
o__Pseudomonadales;f__Pseudomonadaceae	0	0	0	0	211.29508599791	137.846276715146	0	0	0	0	0	3089.03222210526
o__Pseudomonadales;f__UBA5518	0	0	0	0	0	0	608.78443316247	73.7000411277052	275.150327705084	0	0	0
o__Pyrinomonadales;f__	0	0	0	0	0	0	0	0	56.2462342234337	197.698574906548	0	0
o__RFN20;f__CAG-826	0	280.900566352918	0	0	247.48403924278	1528.19580675783	192.236590888465	100.425038697942	218.426629192799	201.017877496527	0	0
o__RFP12;f__	0	0	0	0	0	0	0	752.943354906862	194.732741543425	0	0	0
o__RFP12;f__UBA1067	0	0	0	0	0	0	0	247.230597938538	91.0367168747925	0	0	0
o__Reyranellales;f__	0	0	0	0	0	83.9809557622253	101.261024528071	66.8881046444631	73.5299742831155	338.203868064855	0	0
o__Reyranellales;f__Reyranellaceae	0	0	0	0	0	0	112.620321467493	112.694309757863	69.3146646305913	448.217537892563	759.45070000061	0
o__Rhizobiales;f__Anderseniellaceae	0	0	0	0	0	33.6150916854843	177.9325378183	705.43456357506	0	74.9924048366992	309.068043631595	0
o__Rhizobiales;f__Beijerinckiaceae	2504.91293661948	2302.0178717559	892.177857124596	311.90538627591	525.434570575627	1476.60861547955	958.979883380086	317.178083981173	459.986618031152	1995.53315043518	1984.40582244519	0
o__Rhizobiales;f__Devosiaceae	0	0	0	0	0	0	0	0	0	233.35246131078	0	0
o__Rhizobiales;f__Hyphomicrobiaceae	0	0	0	0	84.4457924556086	0	0	0	0	0	0	0
o__Rhizobiales;f__Labraceae	0	0	0	0	0	0	32.3695794864855	0	0	0	0	0
o__Rhizobiales;f__Rhizobiaceae	0	0	0	0	0	639.201700605417	0	0	0	198.550291432544	422.22158980075	0
o__Rhizobiales;f__Xanthobacteraceae	0	0	232.513916203831	0	601.688213633303	0	0	0	0	0	554.011462149682	0
o__Rhodobacterales;f__Rhodobacteraceae	5266.59021938279	1337.07876383135	4273.35468221636	911.935231692345	50.3553391937308	1365.748016789	1269.33936248602	1352.3340924026	523.278497008376	280.775199395607	3706.76585713635	1866.07046391519
o__Rhodospirillales;f__Magnetospirillaceae	0	0	0	0	0	0	29.1231482216379	0	0	0	0	0
o__Rhodospirillales;f__Rhodospirillaceae	0	0	0	0	0	81.516916777583	0	0	0	0	254.38973985696	0
o__Rhodospirillales;f__WMHbin7	0	0	0	0	0	0	0	43.3564816467383	0	0	0	0
o__Rickettsiales;f__	0	0	0	0	0	0	49.4602147193976	435.283445368716	7787.32521500675	171.248179740255	0	0
o__Rickettsiales;f__Midichloriaceae	0	0	0	0	0	0	0	141.655589138274	0	0	0	0
o__Rickettsiales;f__Rickettsiaceae	0	0	330.519844869052	0	0	0	0	162.44782566725	408.543023006636	363.955289251952	94.7176327399348	0
o__Rickettsiales;f__UBA1997	0	0	0	0	53.0259995324075	100.079635697483	47.8977271078155	382.19873447802	0	405.999754502681	0	0
o__Rickettsiales;f__UBA3002	0	0	0	0	0	278.099470860192	0	84.92024071815	503.609548088486	0	336.02978888798	0
o__Rickettsiales;f__UBA4311	0	0	0	0	0	0	0	96.3327609401198	0	0	0	0
o__Rickettsiales;f__UBA6187	0	0	0	0	0	0	0	46.240825224984	0	0	0	0
o__Rickettsiales;f__UBA998	0	0	0	0	0	0	0	0	0	584.649021824896	0	0
o__S15B-MN24;f__UBA4093	0	0	0	0	0	0	109.337344280341	31.7901522601438	0	0	0	0
o__SBR1031;f__A4b	0	0	0	0	0	0	0	285.185716476036	0	0	0	0
o__SG8-24;f__GWF2-40-263	0	0	0	0	0	0	0	264.316386053301	0	0	0	0
o__SG8-24;f__UBA9934	0	0	0	0	0	0	0	0	0	13649.5553831194	0	0
o__SHNJ01;f__	0	0	0	0	0	0	74.6390627925201	968.918365189048	504.242003519225	0	0	0
o__SS1-B-03-39;f__UBA6053	0	0	0	0	0	0	0	91.4802271945952	0	0	0	0
o__SW-4-49-11;f__SW-4-49-11	0	0	0	0	0	0	122.425557817452	1428.96169488138	3334.14328573503	150.317821758013	0	0
o__SZUA-149;f__SZUA-149	0	0	0	0	0	0	68.9559534332483	0	0	0	0	0
o__Saccharimonadales;f__Saccharimonadaceae	0	0	0	0	0	9527.14094303523	0	0	0	0	222.650172765804	0
o__Silvanigrellales;f__Silvanigrellaceae	0	0	0	0	0	115.494418938022	671.722562045733	55.7141026390473	1780.3983696178	1047.26016669999	0	0
o__Solibacterales;f__Solibacteraceae	0	0	0	0	0	0	247.106529172839	0	240.358369229275	0	0	0
o__Solirubrobacterales;f__	0	0	0	0	0	0	0	0	0	366.689596067986	0	0
o__Solirubrobacterales;f__70-9	0	0	0	0	0	458.989678560032	785.500144497125	177.674710947283	338.702828261047	743.781768710255	477.205821591275	0
o__Solirubrobacterales;f__Solirubrobacteraceae	0	0	339.111209796543	125.549926112827	260.907971483634	0	0	0	90.7596677070953	169.645657167558	0	0
o__Sphingobacteriales;f__	0	415.429688558748	950.381734740564	0	263.269653359351	138.42911403105	438.747646840597	1268.93102439004	261.613989148059	203.0017235261	113.540178398147	1724.86858875799
o__Sphingobacteriales;f__Sphingobacteriaceae	2602.5119258842	513.678849199551	1229.79365392142	361.755571793769	2008.75046654868	28595.371244026	1066.34301008653	102.067378143265	606.597421384482	884.627521582825	1739.41124469236	0
o__Sphingomonadales;f__Sphingomonadaceae	49796.2626322959	12593.4830333413	8384.94157616651	7290.76537538544	3935.64014832693	12067.1778307116	8111.5100487597	9304.50354711441	6254.20836183869	5869.14758452479	18671.7010409339	42618.3743361537
o__Steroidobacterales;f__Steroidobacteraceae	6316.62496311708	379.905007664702	0	201.004809552148	529.941419334772	1659.38150167478	6197.29800493896	7150.12630103574	7158.39525526356	3903.8821311933	915.311221802318	1775.70830040395
o__Synechococcales_A;f__Cyanobiaceae	0	0	0	0	0	0	44.9948962096933	266.576087423206	224.014767744148	119.017111757672	0	0
o__Synergistales;f__Aminobacteriaceae	0	0	0	0	0	0	0	0	0	0	348.559534452112	0
o__Thermoflexales;f__J036	0	0	0	0	78.2190963347036	0	39.0319008374148	123.231226839443	0	0	0	0
o__UBA1018;f__	0	0	0	0	0	0	322.36145284089	62.2001863391026	0	0	0	0
o__UBA1018;f__UBA1018	0	0	0	0	0	0	0	1467.70251176891	0	0	0	0
o__UBA1113;f__	0	0	0	0	0	0	0	0	0	74.3898505626583	0	0
o__UBA1113;f__UBA1113	0	0	0	0	0	0	0	0	0	112.815566808152	0	0
o__UBA11236;f__UBA11236	0	0	0	216.907936069801	0	0	0	0	0	0	0	0
o__UBA11346;f__UBA11346	0	0	0	0	287.937694371317	140.984881864619	44.6716134645325	0	0	0	0	0
o__UBA1135;f__	0	0	0	0	0	0	0	159.829688467313	339.153282883772	150.258870037996	312.305523593654	0
o__UBA1135;f__GCA-002686595	0	0	0	0	0	122.527513655523	593.304659845553	6722.69478130254	4028.67972825667	1776.8651225522	568.991006050848	0
o__UBA1135;f__GCA-2683825	0	0	0	0	0	0	0	190.52749188045	495.281320125609	216.59999200425	0	0
o__UBA1161;f__	0	0	0	0	0	0	0	59.7505242756926	0	0	0	0
o__UBA1280;f__UBA6156	0	0	0	0	0	0	116.457200984873	0	0	0	0	0
o__UBA1301;f__UBA1301	0	0	0	4073.03785812487	657.536289190153	4209.68069132387	481.319708695709	425.260089415535	1097.07801531213	622.207145835806	2549.91253451387	12736.6610728136
o__UBA1400;f__PJMF01	0	0	0	0	0	0	0	999.714288979434	1660.22785052457	0	0	0
o__UBA1400;f__Pacebacteraceae	0	0	0	0	0	0	0	0	1536.03828562422	0	0	0
o__UBA1406;f__GWC2-37-13	0	0	0	0	0	0	0	703.472567587698	356.905212219858	0	0	0
o__UBA2361;f__	0	0	0	0	253.066664644793	0	71.816407546739	2146.15616850411	2273.37644695254	1705.25107999037	371.153871755122	0
o__UBA2361;f__J135	0	0	0	0	0	0	0	0	0	579.317813994436	0	0
o__UBA2361;f__UBA2361	0	0	0	635.443029080043	487.936658108165	709.711190106293	2821.70914488166	9238.05164738455	6060.23616170522	7625.06407369247	3330.02408514695	0
o__UBA2386;f__UBA2386	0	0	0	0	0	0	875.97113140288	736.054983938663	859.090620323148	185.581493045432	0	0
o__UBA2394;f__UBA2394	0	0	0	0	0	0	103.732470801614	59.23917039942	0	0	0	0
o__UBA2428;f__	0	0	0	0	0	0	0	547.825425594138	0	0	0	0
o__UBA2428;f__UBA2428	0	0	0	0	0	0	0	1375.72354165416	60.0165327091031	0	0	0
o__UBA2466;f__UBA2466	0	0	0	0	0	0	0	2460.31117076802	403.970333800553	0	0	0
o__UBA4248;f__	0	0	0	0	183.413814042913	80.5587392563375	0	0	94.0411699870601	0	0	0
o__UBA5158;f__	0	0	0	0	0	0	0	0	70.7616241681981	0	0	0
o__UBA6002;f__UBA6002	0	0	0	0	376.254090561689	0	0	0	0	0	0	0
o__UBA6184;f__	0	0	0	0	0	0	211.973969019434	0	0	0	0	0
o__UBA727;f__GCA-2721815	0	0	0	0	0	105.405428728753	111.396130443159	0	0	0	0	0
o__UBA7656;f__	0	0	0	0	0	0	0	0	0	177.197663279224	0	0
o__UBA7662;f__	0	0	0	0	0	605.286183608438	0	66.9349355817116	0	0	0	1431.59946416647
o__UBA7662;f__UBA7662	0	0	0	418.098153993349	4377.42385217928	447.034677797851	788.159968778693	1733.77288036043	800.368387576448	276.223118996339	111.278770785839	0
o__UBA7694;f__UBA7694	0	0	0	0	0	0	0	0	457.867918013689	0	0	0
o__UBA7916;f__	0	0	0	0	0	0	0	0	0	386.654275080701	0	0
o__UBA7916;f__UBA1515	0	0	0	0	0	0	0	0	535.194649744961	504.987201553019	0	0
o__UBA796;f__	0	0	0	0	0	0	0	47.2285986675336	0	0	0	0
o__UBA796;f__GCA-2862545	0	0	0	0	0	0	0	133.98953847262	58.0876074279353	0	0	0
o__UBA796;f__SXON01	697.249921183386	0	0	0	0	0	2186.12904107061	1512.07879309221	0	0	0	0
o__UBA796;f__UBA796	0	0	0	0	0	0	0	1158.21535174425	51.6182247130788	0	0	0
o__UBA7976;f__	0	0	0	0	0	0	0	36.4527376560796	66.1427221843904	0	0	0
o__UBA7976;f__UBA1532	0	0	0	0	0	0	0	520.441976162182	207.122538655394	0	0	0
o__UBA817;f__GCA-002719695	0	0	0	0	0	0	0	0	56.7301065335827	0	0	0
o__UBA8416;f__	0	0	0	0	0	0	138.33023905231	1329.78725821899	62.4044796067241	0	0	0
o__UBA9042;f__UBA9042	0	0	0	0	0	0	318.870814620192	632.208623277826	0	0	0	0
o__UBA9160;f__UBA4427	0	0	0	0	0	0	0	218.85492195257	76.0482237064775	0	0	0
o__UBA9570;f__XYC2-FULL-38-9	0	0	0	0	0	0	0	0	0	99.547217276834	0	0
o__UBA9983;f__GCA-2401445	0	0	0	0	0	0	0	0	197.680631856349	0	0	0
o__UBA9983;f__Taylorbacteraceae	0	0	0	0	0	0	0	88.9066341287633	0	0	0	0
o__UBA9983;f__UBA11359	0	0	0	0	0	0	0	0	9089.165068334	746.723127105213	0	0
o__UBA9983;f__UBA2163	0	0	0	0	0	0	0	0	174.64780830319	0	0	0
o__Uhrbacterales;f__GWF2-40-263	0	0	0	0	0	0	0	62.2715721643733	0	0	0	0
o__Vampirovibrionales;f__	0	0	0	0	0	396.739311469747	705.008915853017	1058.81591898522	3988.29800292477	0	0	0
o__Vampirovibrionales;f__Vampirovibrionaceae	0	0	0	0	0	0	0	0	71.4572306492394	0	0	0
o__Verrucomicrobiales;f__	0	0	0	0	791.57558939969	360.098055030593	117.674191771268	162.125160262811	0	0	356.200705987141	0
o__Verrucomicrobiales;f__Akkermansiaceae	14185.9359999944	12247.1549460863	15264.3926907898	5893.16356682682	12376.6506965745	10033.6092328635	2788.02244165273	3319.96183757083	3346.77117418342	5062.66404561273	31463.3781311495	17591.295563356
o__Verrucomicrobiales;f__DEV007	0	0	0	0	0	422.283793539722	1344.68993238263	1106.26788681098	1551.13014855515	515.344587621261	386.51385833727	0
o__Verrucomicrobiales;f__V1-33	742.020657947631	0	5963.48347297053	2623.5439328772	1783.09819158659	3310.36135356317	1656.93322739311	309.889959196756	0	552.904297113862	1698.4517815248	0
o__Verrucomicrobiales;f__Verrucomicrobiaceae	0	0	0	614.121345284933	2513.84973157335	1835.80511975479	5219.33799360416	6610.33202834858	3801.53093948394	2863.69741500824	3782.90498188994	0
o__Vicinamibacterales;f__UBA2999	0	0	0	0	0	0	112.502504467359	652.536895741459	715.159544002241	439.220633832179	0	0
o__Vicinamibacterales;f__Vicinamibacteraceae	0	0	0	0	0	0	318.512136864458	268.381756288224	325.154128682072	111.857904617952	0	0
o__Xanthomonadales;f__Xanthomonadaceae	0	0	0	0	10012.3742315224	8026.62439647939	4434.03094502061	1083.54141602	2745.58235565992	11209.7532341583	8940.15674865243	0
