Head	1	2	3	4	5	6	7	8	9	10	11	12
o__16-39-46;f__	0	0	0	0	0	0	35.83743199	0	0	0	0	0
o__2-01-FULL-39-13;f__	0	0	0	0	0	0	0	0	4.331775903	0	0	0
o__2-12-FULL-49-11;f__	0	0	0	0	0	0	0	24.44410779	0	0	0	0
o__AKYH767-A;f__OLB10	0	0	0	0	0	0	0	3.38080229	0	0	0	0
o__AKYH767;f__	0	0	0	0	6.100162952	60.92636227	217.1703015	2374.397181	569.0601215	76.49957367	33.4959203	0
o__AKYH767;f__B-17BO	219.8041548	197.3075596	97.25290819	228.5012808	1295.501425	2027.885763	1343.544608	2330.496868	878.5774178	461.9958372	580.7332736	36.37110497
o__AKYH767;f__GCA-2737665	0	0	0	0	0	5.034387526	0	5.858424895	40.18096017	0	0	0
o__AKYH767;f__Palsa-965	0	0	0	0	0	0	0	0	27.04656475	0	0	0
o__AKYH767;f__UBA4408	0	0	0	0	0	0	19.1486152	12.5935911	2.860361111	4.567566351	0	0
o__Acetobacterales;f__	0	0	0	0	0	74.13313102	226.6163173	367.7296432	159.0239655	92.7001917	215.8437656	0
o__Acetobacterales;f__Acetobacteraceae	4.224668535	0	0	26.68298384	99.33134787	1081.660692	1235.884825	2198.122534	1434.889073	140.5978699	82.80904385	0
o__Acidimicrobiales;f__	0	0	0	0	0	0	0	110.3063563	33.13684444	0	0	29.73028676
o__Acidimicrobiales;f__Ilumatobacteraceae	138.0366107	193.7684328	631.2983017	880.6819472	1717.010401	1079.791388	1016.772682	1033.577177	1102.518229	1032.087675	680.5107453	22.49781271
o__Acidimicrobiales;f__Microtrichaceae	0	0	8.234764081	5.657053051	4.406760672	0	24.93091913	12.97103537	20.4163331	0	0	0
o__Acidimicrobiales;f__UBA8139	0	17.68922221	81.22044752	105.8135379	376.1093971	274.923954	62.42109081	49.37816151	33.11429455	85.95036915	50.10889278	6.647521128
o__Actinomycetales;f__Microbacteriaceae	84.7159137	10.82528643	58.72120038	131.0739983	1155.39304	2189.679097	588.2291684	291.6428946	70.1125934	93.82950486	163.1807365	41.09622105
o__Azospirillales;f__	0	0	0	0	0	115.5319767	38.26286703	17.81700989	13.4880775	12.62104226	19.57626256	0
o__Azospirillales;f__Azospirillaceae	0	0	0	0	0	0	0	0	2.037826221	0	0	0
o__Azospirillales;f__Inquilinaceae	0	0	0	0	0	0	40.12349503	0	0	0	0	0
o__Babeliales;f__GCA-2401785	0	0	0	0	0	0	25.34057479	0	0	0	0	0
o__Babeliales;f__RVW-14	0	0	0	0	0	0	0	0	0	15.54367559	0	0
o__Bacteriovoracales;f__Bacteriovoracaceae	0	17.31034386	3.106394495	0	4.904035578	0	0	5.711154819	18.41136094	0	9.237157781	0
o__Bacteroidales;f__F082	0	0	0	0	0	0	0	13.81426326	0	0	0	0
o__Bacteroidales;f__Lentimicrobiaceae	0	0	0	0	0	0	0	47.71158769	0	0	0	0
o__Bacteroidales;f__Paludibacteraceae	0	0	0	15.75210241	116.1994339	3.416229411	48.74494457	0	0	0	0	0
o__Bdellovibrionales;f__Bdellovibrionaceae	0	109.7792686	0	0	424.7905246	16.62507393	13.60755469	30.33374052	5.477790227	1249.165864	239.635948	0
o__Betaproteobacteriales;f__Burkholderiaceae	0	28.30692806	9.618275352	18.27583454	99.56574738	731.5236521	243.3845369	145.6637592	91.0787919	59.60569727	21.03438921	7.548179515
o__Betaproteobacteriales;f__Methylophilaceae	0	0	0	0	0	0	0	0	0	118.9934983	0	0
o__Betaproteobacteriales;f__Neisseriaceae	0	0	0	0	0	0	0	0	11.57847106	5.401100922	0	0
o__Betaproteobacteriales;f__Nitrosomonadaceae	160.8504778	494.4926156	676.9712725	89.4282611	80.56581996	296.1059613	47.92709281	206.093058	63.53260365	16.87013685	37.96001354	0
o__Betaproteobacteriales;f__UKL13-2	0	0	0	6.327050328	0	171.5763194	71.28632921	0	0	0	0	7.922899112
o__Bin98;f__	0	0	0	0	0	91.37504325	0	0	0	0	0	0
o__Bradymonadales;f__	10.69966829	0	0	0	19.01211209	21.04039742	3.439933238	0	2.950468938	31.0450415	3.840192364	0
o__Bryobacterales;f__Bryobacteraceae	0	0	0	0	24.24855681	642.5205719	606.620358	992.8967452	451.0428454	80.67140692	25.13300186	0
o__Burkholderiales;f__	5.022074922	0	6.005792643	0	17.50052789	61.95985457	6.450449923	47.53188779	0	18.01177793	9.96771763	0
o__Burkholderiales;f__Burkholderiaceae	273.9573386	722.0843733	360.0635332	477.4270451	1757.530222	6692.424309	2880.313242	8280.415585	4170.737096	1635.295679	924.5232022	201.3834151
o__Burkholderiales;f__Chitinibacteraceae	0	0	0	0	76.09954223	190.3117106	0	0	0	0	0	0
o__Burkholderiales;f__Ga0077523	2.803871005	0	0	0	0	0	0	26.50489663	18.78369995	0	0	0
o__Burkholderiales;f__Gallionellaceae	0	20.81837187	77.91701376	55.09381903	0	26.83535772	5.905155491	0	0	0	0	0
o__Burkholderiales;f__Methylophilaceae	0	0	0	0	0	0	14.65324327	10.0029955	4.404460762	19.4827655	7.425625365	0
o__Burkholderiales;f__Neisseriaceae	0	0	0	0	105.1904708	201.2205552	11.15722779	0	0	47.55230696	0	0
o__Burkholderiales;f__Rhodocyclaceae	0	0	0	0	0	3.516648943	366.542681	2233.337978	290.2433486	0	0	0
o__Burkholderiales;f__SG8-40	0	0	0	0	0	0	3.870043877	0	0	0	0	0
o__Burkholderiales;f__SG8-41	0	18.79400277	6.167840848	0	0	0	0	6.589401602	4.191987461	0	0	0
o__Burkholderiales;f__Thiobacillaceae	0	0	0	0	0	4.392211738	25.3786098	150.4151533	11.29588515	0	0	0
o__Burkholderiales;f__UBA11063	0	0	0	0	0	7.220557044	14.49197372	23.79831204	24.40997495	29.59592133	0	0
o__Burkholderiales;f__UKL13-2	24.01152193	0	15.3757891	12.40759787	126.7722651	2681.553085	558.2235171	19.9889804	12.07776461	412.9375656	412.8073891	75.67015796
o__CSP1-4;f__UBA10416	0	8.52973882	32.97473981	18.84099373	90.21353542	104.9438965	132.5406137	129.0528421	7.568495051	105.0960879	37.3526417	25.93753145
o__Caenarcaniphilales;f__	0	0	0	0	0	0	106.8448272	144.356934	35.1790285	0	0	0
o__Caenarcaniphilales;f__Caenarcanaceae	21.28976467	17.93620568	10.75118221	0	70.4900725	1758.210611	284.3048737	206.9684077	11.06024116	254.2762277	243.4293213	37.788277
o__Caenarcaniphilales;f__LMEP-6097	0	3.573022622	0	6.691874434	40.97327433	246.517554	329.0292764	443.0159549	84.02270204	99.10459921	64.21936484	0
o__Caldilineales;f__Caldilineaceae	0	0	0	0	0	0	10.42291451	1138.945727	635.445747	89.18845248	8.864486855	0
o__Campylobacterales;f__Sulfurimonadaceae	0	0	0	0	0	0	0	0	0	46.67276165	0	0
o__Capsulimonadales;f__	0	0	0	0	81.63933901	283.5957463	37.33273128	0	0	37.24434145	90.30479626	17.56579161
o__Caulobacterales;f__	0	0	0	0	0	0	0	0	4.241040408	4.217587268	0	0
o__Caulobacterales;f__Caulobacteraceae	19.36662686	7.597812573	25.67257279	31.3333852	243.3296456	1597.538547	730.8115135	499.4370396	337.9233586	290.4213094	316.4702189	11.72008482
o__Caulobacterales;f__Hyphomonadaceae	3.743909977	0	0	6.69112596	0	156.3676451	277.5039129	5548.28815	1956.079164	314.9118552	142.1550081	0
o__Chitinophagales;f__	0	4.966420564	0	0	286.7153783	388.5020939	153.6400554	271.5883689	190.7373336	307.2524113	18.24892317	25.8187355
o__Chitinophagales;f__Chitinophagaceae	316.5240382	496.48414	341.7075021	409.7118198	2416.538294	4533.660118	3328.94912	4185.286734	2852.134206	2148.600606	1457.085653	52.46230169
o__Chitinophagales;f__LD1	0	29.11729177	0	0	45.75401983	142.9307545	120.155593	133.3325349	331.3136641	478.9626144	150.6164358	0
o__Chitinophagales;f__Saprospiraceae	407.6285926	573.6114308	142.0037911	166.1031941	1125.084678	1752.238774	1488.938056	2750.375063	1177.274723	581.1706474	533.2992351	45.85649669
o__Chitinophagales;f__UBA10324	0	0	0	0	0	6.212226664	18.15067717	102.7248748	67.00834591	0	0	0
o__Chitinophagales;f__UBA8649	35.01959249	997.0205272	22.5478533	221.8474369	2473.555605	3648.160887	994.4650403	118.2933229	362.5176252	1557.657542	1070.552437	252.3905585
o__Chloroflexales;f__Roseiflexaceae	0	0	0	0	16.76633525	0	20.51459226	133.6666325	0	0	0	0
o__Chthoniobacterales;f__	0	0	0	0	4.432005859	22.23504141	365.5873279	1581.818732	1047.832361	42.2722632	30.80172561	0
o__Chthoniobacterales;f__Chthoniobacteraceae	0	72.87445255	31.02529096	30.72744096	578.341893	1999.42295	7669.794075	5081.781954	4156.807601	5036.557135	1155.38744	10.10987174
o__Chthoniobacterales;f__Terrimicrobiaceae	115.703016	74.86358051	14.21210173	616.334839	222.7091639	558.8527798	1421.32729	3959.042576	1797.564843	1781.503901	1567.835158	87.65094597
o__Chthoniobacterales;f__UBA6821	0	0	0	0	0	1826.53234	1150.971299	299.3665109	8.551252307	94.86981696	29.08395773	0
o__Corynebacteriales;f__Corynebacteriaceae	0	0	0	0	4.977060923	161.030704	124.8164734	20.04250315	73.33830255	84.43547947	83.91280259	0
o__Coxiellales;f__Coxiellaceae	0	7.524298619	0	15.24753849	0	12.85335036	11.57126885	25.1676291	89.80047337	69.69092313	14.78453313	0
o__Cyanobacteriales;f__	0	0	0	0	0	248.3075313	481.1731526	120.3761315	197.7358646	387.3953148	12.76161213	0
o__Cyanobacteriales;f__Cyanobacteriaceae	0	0	0	0	11.25616937	0	0	7.765427893	5.852868768	316.1593582	8.394651865	0
o__Cyanobacteriales;f__Geitlerinemaceae	0	0	0	0	0	0	0	46.71165136	55.6866206	247.1916827	0	0
o__Cyanobacteriales;f__Microcystaceae	16.30037632	0	0	0	46.6870663	2615.440392	4697.694367	2279.470906	1843.982553	3820.564757	1475.913124	0
o__Cyanobacteriales;f__Nostocaceae	781.2107719	432.1477238	114.2078931	490.1162387	6820.235404	72352.26079	30388.33564	9188.372137	3482.99963	4504.490669	6048.381255	661.9936052
o__Cyanobacteriales;f__Phormidiaceae	4.26327381	0	0	0	0	0	553.1169114	2488.682692	4614.481198	5103.471978	4710.612504	10.02352675
o__Cytophagales;f__	0	0	0	0	0	0	0	0	10.66078109	0	0	0
o__Cytophagales;f__Amoebophilaceae	0	0	0	0	0	0	0	0	0	2.382226112	14.92063441	0
o__Cytophagales;f__Bernardetiaceae	0	0	0	0	0	35.37055469	0	0	0	0	0	0
o__Cytophagales;f__Catalimonadaceae	0	0	0	0	0	0	0	16.61741679	9.37180625	3.399500648	0	0
o__Cytophagales;f__Cyclobacteriaceae	0	18.57024117	0	52.04099056	118.1097366	386.9101752	456.6343822	103.06736	100.1817267	411.9827773	228.7436346	0
o__Cytophagales;f__Spirosomaceae	3.93354807	12.61440075	8.655121465	51.25210479	705.6328822	626.0767574	224.855086	102.6261214	112.466417	146.7856573	30.09879839	0
o__Elainellales;f__Elainellaceae	0	0	0	0	0	0	0	0	3.245351987	0	0	0
o__Elsterales;f__Elsteraceae	0	0	0	0	0	164.1363365	7.549028584	0	0	3.822987408	45.23381832	13.81229066
o__Fimbriimonadales;f__Fimbriimonadaceae	0	0	0	0	0	19.49706339	218.6277618	332.069283	217.1581414	3.652501173	0	0
o__Flavobacteriales;f__	0	41.71836859	38.5210735	41.02121445	374.8506534	720.9159376	339.8005709	267.0685944	144.649096	280.0152769	283.8040853	4.023095008
o__Flavobacteriales;f__Crocinitomicaceae	49.39006749	405.010844	147.8548032	212.9118004	2543.660242	4956.068357	1919.369028	2595.159418	1208.246812	2510.007375	863.1362835	75.49388075
o__Flavobacteriales;f__Cryomorphaceae	0	0	0	12.74726115	5.084657719	0	0	0	0	0	0	0
o__Flavobacteriales;f__Flavobacteriaceae	407.3899978	648.2455912	204.7363462	737.1967282	3474.83497	7651.812777	4281.827298	6392.91646	4627.615898	2932.991606	2026.476983	197.9317238
o__Flavobacteriales;f__GCA-002722245	0	5.55818027	0	0	8.542511776	16.53441761	27.20373165	35.58283095	0	8.06241117	0	0
o__Flavobacteriales;f__PHOS-HE28	0	0	0	0	39.14460285	357.0259263	539.8850414	933.9920163	374.5263288	184.4375604	125.3391079	31.48158971
o__Flavobacteriales;f__Schleiferiaceae	27.99470532	19.01818824	3.500323338	27.9827156	210.2652002	120.7921079	28.45984603	33.09130503	126.6856888	140.3995639	19.50859313	7.874373451
o__Flavobacteriales;f__UA16	7.504896783	22.69201996	14.38214128	20.62322334	626.8965237	598.6953101	186.1376256	678.0868113	774.7610088	577.1080453	343.6216605	8.276825598
o__Flavobacteriales;f__UBA10329	0	0	0	0	0	3.898955652	0	0	0	6.11952673	17.40093464	0
o__Flavobacteriales;f__UBA2798	8.220329313	5.177593225	0	0	0	15.48793303	7.953219043	34.01157916	20.14168414	16.53227268	9.565391952	0
o__Francisellales;f__	0	0	0	0	0	0	0	0	2.78011108	0	0	0
o__Francisellales;f__Francisellaceae	0	0	0	0	0	0	0	0	55.66865577	25.13119564	0	0
o__Ga0077536;f__Ga0077536	0	0	0	0	67.63491385	62.94560118	178.3988835	98.50256201	22.45300603	20.59449559	28.42070634	0
o__Ga0077560;f__Ga0077560	0	0	0	0	0	0	0	0	8.180744663	10.08714443	3.215366801	0
o__Gaiellales;f__F1-60-MAGs149	9.66884307	0	0	22.14889594	73.69525373	16.12419639	50.49195441	116.9954222	80.79910042	68.15031311	22.24142418	0
o__Gemmatales;f__	0	0	4.965636242	18.23354323	0	0	4.023625158	18.30319409	44.83925544	61.80646115	38.93810221	0
o__Gemmatales;f__Gemmataceae	701.6370519	1071.791817	1098.183337	1312.013626	796.5592775	518.7210435	215.7178161	356.4564457	845.4763739	805.9229463	861.5624207	109.0842215
o__Gemmatimonadales;f__Gemmatimonadaceae	0	80.60196727	36.75375007	157.0952965	88.16582308	302.1889002	360.5653442	986.1793037	417.2083905	271.3905442	3.69348853	0
o__Holosporales;f__	0	0	0	0	0	0	0	15.1371114	19.19367824	47.49283974	35.35975471	0
o__Hydrogenedentiales;f__	0	0	0	0	0	0	0	0	53.80497249	8.407223058	0	0
o__IMCC26256;f__PALSA-555	0	0	0	0	0	0	0	13.32646754	21.75047081	0	0	0
o__Isosphaerales;f__	0	0	0	0	0	0	0	3.615557072	0	3.483142647	0	0
o__Isosphaerales;f__Isosphaeraceae	0	11.39732456	17.00928741	29.33648049	5.976417527	0	0	4.059102894	0	2.31609735	50.60286119	7.660053448
o__J057;f__	0	0	0	0	0	0	9.823343645	20.84325394	0	0	0	0
o__Kapabacteriales;f__	43.87843255	27.67132236	14.70405119	0	139.0264015	508.3353144	513.3300033	982.7847465	651.0770349	248.825228	153.964454	0
o__Kapabacteriales;f__Kapabacteriaceae	0	21.17160334	0	21.57760828	98.62506401	89.6022598	634.389531	1436.808506	905.64938	139.9166263	16.06848697	0
o__Kapabacteriales;f__NICIL-2	0	0	0	0	0	0	0	7.243838511	0	0	0	0
o__Kapabacteriales;f__UBA4661	0	0	0	0	0	0	0	12.91525598	0	0	0	0
o__Kapabacteriales;f__UBA961	389.6759062	669.3547491	82.92155544	52.65590119	4251.936474	4532.718869	1803.39125	1647.647153	501.6617513	741.6008493	996.2679854	82.7160435
o__Kiritimatiellales;f__Pontiellaceae	0	0	0	0	0	0	23.33973596	0	0	0	0	0
o__MC1;f__	0	0	0	0	0	41.36718147	28.37566775	0	0	0	0	0
o__Magasanikbacterales;f__2-02-FULL-50-9b	0	0	0	0	0	0	0	4.611221158	0	0	0	0
o__Methylacidiphilales;f__UBA3015	0	0	4.682441826	0	40.95587317	7.719375318	58.29992193	158.2464656	122.7036532	61.33280228	0	0
o__Methylococcales;f__	0	0	0	0	0	0	0	0	0	0	34.66337439	0
o__Methylococcales;f__Methylococcaceae	113.3781586	66.77411922	0	0	9.770162931	10.06167612	13.02877778	434.7626519	949.8157258	3692.830035	2500.213645	48.37519585
o__Methylococcales;f__Methylomonadaceae	47.83540506	214.9855739	25.53864308	23.12723939	194.5245847	499.672409	390.5685534	173.9977122	155.5435981	1292.757188	2061.941991	12.0267607
o__Micavibrionales;f__Micavibrionaceae	0	0	0	0	0	0	6.974092836	5.090991254	0	0	0	0
o__Microtrichales;f__	0	7.074833831	2.996383653	18.33285715	39.06763028	121.5751601	743.5157762	497.7604953	270.9627487	82.10570697	4.016788078	3.52282089
o__Microtrichales;f__Ilumatobacteraceae	0	0	0	0	0	0	0	7.44137016	53.71294889	27.97613578	70.30627692	53.54640502
o__Microtrichales;f__Microtrichaceae	0	0	0	0	0	0	4.605525156	0	0	0	0	0
o__Mycobacteriales;f__Mycobacteriaceae	22.22626136	43.52049123	51.67359936	37.75051252	235.2865277	559.843893	255.1280184	253.8652245	104.2656147	372.8135442	194.7589225	8.812601566
o__Myxococcales;f__Myxococcaceae	0	0	0	0	0	0	105.5286184	138.7191137	69.60992294	16.61132669	0	0
o__NS11-12g;f__	0	14.37980923	7.509072657	27.72852716	44.81196757	75.7203645	7.788500328	21.14662705	92.45610132	104.3991081	93.50849161	18.83842211
o__NS11-12g;f__UBA9320	0	0	0	30.28734279	8.854589162	0	0	0	0	0	0	0
o__NS11-12g;f__UBA955	0	32.47915422	19.40733892	13.35051424	278.5228885	295.4275366	430.4071838	242.2262953	171.8177133	391.8990482	115.5963432	12.02224688
o__NS11-12g;f__UKL13-3	641.2452328	731.3137844	613.294671	108.7041597	937.5942994	2914.612643	983.6527535	589.7067965	338.5658894	1671.456899	3514.447108	154.6696177
o__Nannocystales;f__Nannocystaceae	0	0	0	0	0	0	0	62.28686181	0	0	0	0
o__Nanopelagicales;f__	0	0	0	0	5.304341153	9.241777063	42.22627507	52.13521937	0	0	0	14.13060945
o__Nanopelagicales;f__AcAMD-2	0	0	0	5.243072363	0	0	0	0	0	0	0	0
o__Nanopelagicales;f__AcAMD-5	26.90148142	45.82018437	36.37462239	49.84149626	219.6340477	617.3527346	398.3602506	206.346571	117.5459888	217.6362373	171.6477405	33.10818045
o__Nanopelagicales;f__Nanopelagicaceae	38.34560853	117.9510436	60.28762055	94.57573538	382.2373797	460.8616791	528.4140967	466.7680641	298.2541694	413.6247098	180.3659686	47.26314902
o__Nanopelagicales;f__S36-B12	5.821708946	20.73141462	34.60892195	159.2803241	145.466158	206.5771966	426.910671	262.7474736	92.33279887	44.31882752	41.42718462	6.466184739
o__Nanopelagicales;f__UBA12327	0	7.164528537	13.76057077	61.23366168	20.02777758	15.31410835	0	0	4.043066278	104.1400753	79.93535481	20.32288309
o__Nevskiales;f__Nevskiaceae	0	0	0	0	212.3144485	0	0	0	0	0	0	0
o__Obscuribacterales;f__	10.70716214	0	0	0	0	8.810317999	18.43344547	0	0	24.16823787	42.04372552	0
o__Obscuribacterales;f__Obscuribacteraceae	6.693379891	0	0	0	6.901138622	81.12127055	29.96886275	233.0591849	218.7959988	15.70249721	23.92241139	0
o__Oligoflexales;f__	0	0	0	0	30.1907498	47.07428817	35.41233938	80.15271678	0	0	0	0
o__Oligoflexales;f__Bog-1112	0	0	0	0	0	0	0	0	18.99357309	0	0	0
o__Opitutales;f__Opitutaceae	79.42116415	122.0507213	110.6359842	236.2515821	620.9048968	1408.534823	3046.786073	7463.590881	3998.483253	1714.471694	744.5034453	6.325917763
o__Opitutales;f__UBA953	7.134012031	190.5286167	135.9986822	892.3094601	1258.385653	2116.396338	405.2249011	83.52889999	105.6124684	375.26652	812.6761395	27.75769375
o__PCC-6307;f__	56.4070176	93.62190453	0	18.44599761	68.06816334	604.1122069	2610.308199	4859.652324	1643.917428	362.5236073	134.4376626	0
o__PCC-6307;f__Cyanobiaceae	41.1984862	167.0702768	12.73014223	13.5945986	1368.420845	17482.16073	26077.57206	43815.08017	32890.12502	9090.037473	803.7936616	124.8656593
o__Paracaedibacterales;f__UBA11393	0	105.0576894	28.05408125	131.2494119	158.9067912	219.5398647	194.7391503	186.5238017	115.9578808	473.0251952	360.5132998	0
o__Parachlamydiales;f__Parachlamydiaceae	8.231776599	0	54.17867732	35.13155139	40.04815496	0	0	0	0	0	7.831032501	0
o__Pedosphaerales;f__	0	0	0	0	37.83087904	28.26159026	116.6363431	174.8251522	23.92690588	84.71065009	15.00841803	0
o__Pedosphaerales;f__SXTU01	0	0	0	0	0	0	0	0	5.583390549	0	0	0
o__Pedosphaerales;f__UBA11320	0	0	0	0	0	0	0	5.936468713	0	12.38268739	0	0
o__Pedosphaerales;f__UBA9464	0	87.09808305	0	18.86211983	95.85154414	140.8990037	594.0554149	1126.841921	585.7006253	120.2340038	29.62580077	0
o__Pelagibacterales;f__Pelagibacteraceae	17.42221464	13.18803481	0	0	0	2.928371168	0	51.75848829	13.51058292	22.84493005	30.97949773	8.052564073
o__Phormidesmiales;f__Phormidesmiaceae	9.663651134	0	0	0	5.802655551	0	133.23041	3616.802753	2220.224164	97.34719425	5.169057983	0
o__Phycisphaerales;f__SM1A02	0	339.4392896	560.1291327	2338.589412	1001.649722	96.82317489	1013.72499	1731.916563	896.5263374	988.4422811	471.3726441	4.885167039
o__Pirellulales;f__	0	0	0	0	0	6.469156388	20.01481922	28.72684993	32.07327682	39.72430953	11.31099789	0
o__Pirellulales;f__Pirellulaceae	70.72182985	76.44991741	3.894523886	38.04461313	119.0279043	4827.718049	9009.607289	10455.72431	10027.81716	2603.508414	406.972665	25.0689986
o__Pirellulales;f__UBA1268	67.14804039	106.3653978	35.49495014	69.81929344	481.4716263	780.3032673	3222.468742	10405.5827	7184.586612	2199.609676	522.0068067	40.95332013
o__Planctomycetales;f__	0	0	0	0	0	0	5.32058812	149.2298475	118.7936582	6.264236481	0	0
o__Planctomycetales;f__Planctomycetaceae	0	8.483793951	25.92478851	494.0367851	209.0753389	192.488444	255.7971042	1109.203349	955.5462663	294.7355028	628.1233586	0
o__Planctomycetales;f__UBA10511	0	0	0	0	0	0	577.5493557	470.9257159	88.42730953	48.66314054	0	0
o__Polyangiales;f__	0	0	0	0	0	3.755702417	8.25425092	96.78747122	21.26621857	8.207902003	0	0
o__Polyangiales;f__Ga0077539	30.89015403	10.20447905	0	0	26.09507356	29.53696221	510.2721595	1236.395064	631.5667656	440.2497208	165.6720171	0
o__Polyangiales;f__Polyangiaceae	0	0	0	0	0	0	126.2492779	1092.786932	691.8776302	179.834296	3.976540757	0
o__Polyangiales;f__SG8-38	0	0	0	0	0	0	0	0	4.859808663	0	0	0
o__Polyangiales;f__Sandaracinaceae	0	0	0	0	0	681.1133064	502.458706	3325.846332	630.857399	0	0	0
o__Pseudanabaenales;f__Pseudanabaenaceae	11.52055741	2.811487118	0	14.84533144	103.0452224	3854.181747	4995.032758	984.769367	2568.612267	4336.110425	588.0364021	9.002915536
o__Pseudomonadales;f__HTCC2089	0	0	0	0	0	0	36.95910698	3.578018993	14.74912072	4.676366639	0	0
o__Pseudomonadales;f__Pseudohongiellaceae	3.9553231	17.89975518	0	16.50664676	79.68970697	77.47922522	42.1495889	146.3472899	0	8.593075006	11.12704155	0
o__Pseudomonadales;f__Pseudomonadaceae	0	0	0	0	0	13.65730877	0	0	0	0	0	0
o__Pseudomonadales;f__UBA5518	0	0	0	0	0	7.171398697	36.56764407	38.94964807	22.44664464	24.56908797	0	0
o__RFN20;f__CAG-826	0	33.72863264	0	0	207.7455579	259.7451524	30.85247733	0	35.32928788	20.6087113	0	0
o__RFP12;f__	0	0	0	0	0	0	9.710516807	196.8515514	25.92173364	18.50581205	0	0
o__RFP12;f__UBA1067	0	0	0	0	0	0	7.805662549	20.53598872	18.1172954	0	0	0
o__Reyranellales;f__Reyranellaceae	0	3.096697767	0	0	44.63291054	17.09186395	472.2663479	285.4609985	104.8117289	402.533753	848.2508041	0
o__Rhizobiales;f__Anderseniellaceae	0	0	0	0	0	0	16.88119871	44.23632174	12.05629532	52.902737	2.906045397	0
o__Rhizobiales;f__Beijerinckiaceae	50.52494168	120.8111142	79.64846961	24.64920367	119.3751429	249.6419463	107.6749555	57.97326302	1071.007468	1625.62521	879.4568898	25.68191602
o__Rhizobiales;f__Devosiaceae	0	0	0	0	0	7.743514613	0	0	10.70410102	0	0	0
o__Rhizobiales;f__Hyphomicrobiaceae	17.63682855	0	0	0	4.732725305	0	0	0	0	0	0	0
o__Rhizobiales;f__Labraceae	0	0	0	0	0	0	7.715620954	0	0	0	0	0
o__Rhizobiales;f__Rhizobiaceae	0	0	0	0	0	63.17724112	0	5.66505506	0	29.76219978	13.0861382	0
o__Rhizobiales;f__Xanthobacteraceae	36.16943274	0	10.94471804	0	0	0	0	0	0	18.51118817	82.52366602	0
o__Rhodobacterales;f__Rhodobacteraceae	97.07438114	131.1899277	209.3231099	297.2930153	210.5695983	1056.673601	1096.00609	1248.216724	287.4710181	252.0741821	308.2546899	7.199762733
o__Rhodospirillales;f__Rhodospirillaceae	0	0	0	0	0	4.630761637	0	0	0	0	0	0
o__Rickettsiales;f__	0	0	0	0	10.55289302	0	20.86252537	50.09562333	10.97873642	31.54665862	8.868526378	0
o__Rickettsiales;f__Rickettsiaceae	3.9552183	92.28291763	18.56709857	8.30874125	273.1536194	923.1344069	67.78974472	281.7117559	447.8034358	467.7331195	84.69739274	0
o__Rickettsiales;f__UBA1997	0	0	6.247152553	7.545189988	87.73277706	14.8836938	10.34421612	26.76681395	41.90377628	6.716420566	49.49625471	0
o__Rickettsiales;f__UBA3002	0	0	0	0	0	0	2.986655266	0	0	0	5.517077496	0
o__Rickettsiales;f__UBA6187	0	0	0	0	0	0	5.520941325	0	0	0	0	0
o__Rickettsiales;f__UBA998	0	0	0	0	0	0	17.07638446	0	0	46.34064445	0	0
o__S15B-MN24;f__UBA4093	0	0	0	0	0	0	11.24918009	28.6455747	0	0	0	0
o__SG8-24;f__GWF2-40-263	0	0	0	0	0	0	7.222744854	19.21422293	0	0	0	0
o__SG8-24;f__UBA9934	0	0	0	0	0	0	0	0	0	6.776442657	0	0
o__SHNJ01;f__	0	0	0	0	0	11.20089887	20.35208881	4.507323769	5.951739969	5.452528276	4.095094167	0
o__SS1-B-03-39;f__UBA6053	0	0	0	0	0	0	0	4.425095572	0	0	0	0
o__SW-4-49-11;f__SW-4-49-11	0	0	0	0	0	0	0	5.036153994	2.830823037	0	0	0
o__SZUA-149;f__SZUA-149	0	0	0	0	0	0	7.407829646	0	3.172729907	0	0	0
o__Saccharimonadales;f__Saccharimonadaceae	0	0	0	0	0	72.01957048	0	0	0	0	5.154950876	0
o__Silvanigrellales;f__Silvanigrellaceae	0	0	0	0	0	0	16.9418245	0	0	0	0	0
o__Solibacterales;f__Solibacteraceae	0	0	0	0	0	0	0	137.7357792	52.12855514	0	0	0
o__Solirubrobacterales;f__70-9	0	0	0	0	0	7.005477613	5.722595483	20.14990455	9.536454158	18.44182186	0	0
o__Solirubrobacterales;f__Solirubrobacteraceae	0	0	0	8.225820756	13.86028913	0	0	0	0	0	0	0
o__Sphingobacteriales;f__	11.19761523	72.67749059	11.06177114	95.18819593	657.4484869	781.7009527	216.0925503	460.8780547	199.2078933	469.6140271	174.4597729	0
o__Sphingobacteriales;f__Sphingobacteriaceae	50.67908943	49.96795188	81.5157156	99.48236339	357.052363	460.1599027	216.7437991	1449.254659	357.9318338	94.91597887	123.0130545	4.003314847
o__Sphingomonadales;f__Sphingomonadaceae	304.1083885	292.6942528	99.84747078	391.1088377	1263.071614	5314.526251	1863.531997	861.6485278	306.9390847	919.4565393	3820.731549	177.5595074
o__Steroidobacterales;f__Steroidobacteraceae	41.47597623	0	0	0	137.4419421	238.1914853	1087.85415	2216.756167	923.7815974	276.8585216	20.4947877	0
o__Synechococcales_A;f__Cyanobiaceae	0	0	0	0	0	0	38.1501219	83.9026566	72.76277563	0	0	0
o__Thermoflexales;f__J036	0	0	0	0	0	0	12.62726211	267.1855222	25.25002423	0	0	0
o__UBA1018;f__UBA1018	0	0	0	0	0	0	0	14.27035379	0	0	0	0
o__UBA1113;f__UBA1113	0	0	0	0	0	0	0	0	0	4.052292949	0	0
o__UBA11346;f__UBA11346	0	0	0	0	50.8459037	480.0324469	89.39504434	5.567457262	0	0	0	0
o__UBA1135;f__	0	0	0	0	0	0	0	75.83964143	92.27101955	49.83486017	0	0
o__UBA1135;f__GCA-002686595	0	0	0	0	0	0	17.72977226	2216.375977	637.3221797	36.86267815	0	0
o__UBA1301;f__UBA1301	0	4.057655581	0	0	21.72915722	63.0606945	21.3259996	165.20172	72.41227986	8.447332242	16.38471387	0
o__UBA1400;f__PJMF01	0	0	0	0	0	0	0	15.53078061	0	28.63090867	0	0
o__UBA1406;f__GWC2-37-13	0	0	0	0	0	0	0	47.22300299	40.84974375	13.77453669	0	0
o__UBA2361;f__J135	0	0	0	0	0	0	0	0	0	2.658048997	0	0
o__UBA2361;f__UBA2361	0	0	0	33.99159516	275.9458204	29.0130798	402.6233136	434.767745	238.4647862	402.5230912	82.32353199	0
o__UBA2386;f__UBA2386	0	0	0	0	0	0	420.3542249	160.2040279	113.721655	43.83000149	0	0
o__UBA2428;f__UBA2428	0	0	0	0	0	0	0	11.68953121	0	0	0	0
o__UBA2466;f__UBA2466	0	0	0	0	0	0	0	90.95990933	0	0	0	0
o__UBA727;f__GCA-2721815	0	0	0	0	0	0	30.34779748	12.9552743	0	0	0	0
o__UBA7656;f__	0	0	0	0	0	0	0	0	0	12.35750088	0	0
o__UBA7662;f__	0	0	0	0	0	0	0	0	4.543570612	0	0	0
o__UBA7662;f__UBA7662	0	0	0	6.053150464	18.56327646	21.77862348	129.013543	244.3813002	80.33086646	13.94274511	0	0
o__UBA7694;f__UBA7694	0	0	0	0	0	0	0	0	3.800297259	0	0	0
o__UBA7916;f__	0	0	0	0	0	0	0	0	23.08241166	45.98271432	0	0
o__UBA7916;f__UBA1515	0	0	0	0	0	0	0	0	18.48398261	0	0	0
o__UBA796;f__	0	0	0	0	0	0	0	5.174243512	0	0	0	0
o__UBA796;f__GCA-2862545	0	0	0	0	0	0	0	50.81222777	106.3547562	0	0	0
o__UBA796;f__SXON01	9.41534394	0	0	0	0	4.807657366	295.2464532	227.534384	0	19.53332279	0	0
o__UBA796;f__UBA796	0	0	0	0	0	0	17.13695007	121.5226667	45.30115546	30.52403912	11.30192779	0
o__UBA7976;f__	0	0	0	0	0	0	43.84921641	181.1641852	55.52539131	4.846213743	0	0
o__UBA7976;f__UBA1532	0	0	0	0	0	0	4.957814074	141.9244192	81.38071119	15.50828432	0	0
o__UBA8416;f__	0	0	0	0	0	0	124.6263958	537.1019876	359.8166154	93.58288107	32.38821164	0
o__UBA9042;f__UBA9042	0	0	0	0	0	0	265.5314763	362.3794375	0	0	0	0
o__UBA9160;f__UBA4427	0	0	0	0	0	0	0	7.901166108	3.211504546	0	0	0
o__UBA9983;f__Taylorbacteraceae	0	0	0	0	0	0	0	0	13.30072374	0	0	0
o__UBA9983;f__UBA11359	0	0	0	0	0	0	0	0	22.86185429	0	0	0
o__UBA9983;f__UBA2163	0	0	0	0	0	0	0	5.877712075	0	0	0	0
o__Vampirovibrionales;f__	0	0	0	0	0	0	117.8939916	204.0894688	130.1289482	144.4146889	0	0
o__Verrucomicrobiales;f__	6.970448851	0	19.2273489	73.0989387	404.892777	803.3176459	197.1571778	30.09582622	12.06946226	6.274468494	22.15411326	7.831747211
o__Verrucomicrobiales;f__Akkermansiaceae	902.6980339	1270.911179	894.5849967	2867.426593	10688.76669	14602.4416	3984.383331	3885.675707	2713.226769	867.0959968	1861.791013	276.9401029
o__Verrucomicrobiales;f__DEV007	0	0	0	0	0	137.7540493	470.0939097	310.1248143	277.0328988	355.7917851	207.1323875	0
o__Verrucomicrobiales;f__V1-33	14.58692212	94.83574482	150.3349329	1117.090225	3080.983854	3334.909913	386.4658734	21.00010511	8.892599251	13.69210867	207.0661796	19.7604585
o__Verrucomicrobiales;f__Verrucomicrobiaceae	0	39.02877554	24.36760067	89.0610685	402.2808141	1376.435569	1441.829697	4693.853539	2119.477183	1596.826121	575.0392328	15.28243509
o__Vicinamibacterales;f__UBA2999	0	0	0	0	0	0	4.150305683	5.657880157	5.516355164	18.55769295	0	0
o__Vicinamibacterales;f__Vicinamibacteraceae	0	0	0	0	0	0	69.25677475	48.65745762	138.180876	18.19297013	0	0
o__Xanthomonadales;f__Xanthomonadaceae	0	0	0	0	58.66338502	1040.098169	399.8021845	450.7585275	374.5245903	311.4792866	29.28567575	0
Uo__;f__	449.5313006	526.4549961	290.8230993	914.0395271	2744.227196	8421.537781	6525.812627	8153.083835	5612.12186	3089.232652	1747.56516	181.1210683
Unclassified	137604.1026	290880.2228	154095.385	332746.602	1507815.024	2468714.469	2116520.62	3829756.439	1800851.152	961651.9561	568912.1517	46181.1066