Head	1	2	3	4	5	6	7	8	9	10	11	12
Algavirales;Phycodnaviridae	3065.287257	7195.052986	4091.146368	8595.570859	41218.1457	36435.27119	18964.95668	16403.69348	8364.037304	7804.270658	8879.84783	935.7862259
Asfuvirales;Asfarviridae	0	0	0	0	104.0938556	36.94886108	29.81418537	25.10106585	70.99970157	106.9739057	48.46121645	3.733211472
Caudovirales;Ackermannviridae	406.050027	629.2906281	195.3699956	642.5056076	4262.536503	7522.709174	4041.703544	6195.615615	3377.781896	2515.177412	1633.527483	159.5202189
Caudovirales;Autographiviridae	1122.757106	3433.824524	2190.916631	10710.65733	19914.17706	26783.12709	35006.42818	83663.80612	37858.56427	11455.31459	5842.518187	400.3958119
Caudovirales;Chaseviridae	8.664518869	6.074829253	8.653415832	7.912816834	80.51311493	66.07086376	188.8950307	571.3878936	227.9470133	175.2923053	61.3174411	0
Caudovirales;Demerecviridae	462.620825	148.5173811	146.2402102	1002.136254	3040.272433	8229.453566	3811.934567	5258.511524	1962.317164	1013.479615	612.3560349	129.945669
Caudovirales;Drexlerviridae	95.58737225	117.6802873	51.03934751	88.85313589	558.4641938	1460.839679	801.8613716	2446.74425	891.8671355	636.6195262	509.4744607	8.74319055
Caudovirales;Guelinviridae	0	0	0	0	22.16846631	0	27.74221948	28.80269103	28.90117543	12.31683085	0	0
Caudovirales;Herelleviridae	320.5027837	957.871505	519.5551335	836.6374202	5722.068457	8634.170374	6383.139612	12025.39172	5137.681629	2620.121801	2077.500225	115.4061919
Caudovirales;Myoviridae	24426.97139	48748.14744	19643.35875	38828.14088	243857.2224	470070.2153	350024.2241	506662.9802	245589.6334	169045.9279	97550.8364	8480.683398
Caudovirales;NA	47390.75761	103072.1359	55382.59591	114639.2358	567075.837	947207.8537	848008.7318	1638615.654	761579.2656	354032.1107	211685.9544	15360.87337
Caudovirales;Podoviridae	4891.566179	7986.027157	6710.002765	11359.59154	44129.57322	84725.33656	70413.74605	121298.4631	53707.69682	25290.93103	16049.44418	868.3870314
Caudovirales;Rountreeviridae	0	0	0	5.392046335	272.2853275	300.1620239	40.12357214	50.57235063	0	0	0	0
Caudovirales;Salasmaviridae	0	0	3.59451982	191.3794799	10.06352087	8.128459259	11.6802477	76.91308623	120.3098635	10.19097181	19.80604667	0
Caudovirales;Schitoviridae	212.4129274	211.1408883	48.44129193	330.9265742	721.5184815	3283.875126	3175.79352	4853.599338	1568.222321	914.7733634	600.6084275	74.3814717
Caudovirales;Siphoviridae	7633.744533	12876.88871	8084.075668	18986.81073	89551.6976	152407.0972	152409.5678	333551.1797	168708.2948	79703.57812	42328.99505	2746.29025
Caudovirales;Zobellviridae	48.00561297	179.0519218	10.23351048	100.1591264	948.5269501	1292.348976	1284.135313	2332.134027	563.3708141	334.5430235	343.8844114	211.6804621
Chitovirales;Poxviridae	4.389128585	0	0	112.1639226	12.19464346	22.23541219	18.83272265	23.950272	14.23821207	145.4032378	49.17606117	12.93295775
Herpesvirales;Alloherpesviridae	0	0	0	5.486520029	0	0	21.85150133	30.82324711	7.906064329	0	0	0
Herpesvirales;Herpesviridae	10.79341195	30.4096759	29.4547555	43.48422524	31.88387961	76.98461502	39.63486775	25.95874931	19.99817737	56.34178611	5.187704369	3.391149713
Herpesvirales;NA	0	0	0	3.272289395	0	0	0	0	0	0	0	0
Imitervirales;Mimiviridae	1370.701671	1638.126384	1292.446566	2877.368645	7372.171788	6165.251884	3756.06163	5342.756736	2853.018198	2370.728966	2264.406075	244.4772905
Imitervirales;NA	53.66536403	0	9.971003889	0	0	18.31216986	110.9361682	27.02139767	11.56197206	5.770490693	4.431710445	0
Lefavirales;Baculoviridae	6.306776992	14.79731955	5.112568226	17.59033418	18.43606392	64.882198	63.77771463	246.5212649	191.7650419	47.70277624	0	2.546107753
Lefavirales;Hytrosaviridae	0	0	0	0	0	46.42556568	8.655178074	11.57385962	0	2.575884147	7.409865509	0
Lefavirales;Nudiviridae	0	19.13009644	20.37145413	7.989505864	5.986182042	0	56.41395702	18.76994769	36.53489485	47.15496829	17.18681222	0
Ligamenvirales;Lipothrixviridae	6.680481944	4.394011835	8.566618089	6.192747385	28.83585772	67.48036618	38.33388038	91.83420383	263.4249641	171.7912952	12.67633453	0
Ligamenvirales;Rudiviridae	13.02418428	0	0	0	0	0	2.539548154	0	5.678573987	0	26.28150815	0
Mononegavirales;Lispiviridae	0	0	0	0	0	11.2911025	10.7930229	0	0	0	0	0
NA;Bicaudaviridae	0	24.95665192	4.103593274	59.43480446	128.7973629	183.1503946	184.709691	108.3122654	56.15503793	147.6488552	34.767924	18.443238
NA;Polydnaviridae	0	0	0	16.68400888	11.89351318	3.366887205	10.07774379	3.055936494	24.38640116	4.748712038	0	0
NA;Spiraviridae	0	0	0	0	0	7.698950617	8.117594154	33.22432668	15.38132915	6.789234557	3.827710044	0
Nidovirales;NA	0	0	0	0	0	0	0	0	0	4.125393997	0	0
Ortervirales;Metaviridae	0	4.256604771	11.62606151	16.4527891	12.09785097	4.910549598	0	0	27.61393926	0	0	0
Petitvirales;Microviridae	19.54473646	0	12.16205859	39.68584915	677.3279006	1502.589523	1296.948731	1378.679095	957.0716287	566.9723244	157.1233274	9.352312256
Piccovirales;Parvoviridae	19.86090116	0	0	0	0	13.29027616	7.263826292	0	0	0	32.64465441	0
Pimascovirales;Ascoviridae	0	0	0	17.12135778	17.5052998	29.16019529	4.310268386	15.55926182	3.67236847	8.819860596	0	0
Pimascovirales;Iridoviridae	109.1383365	0	28.36292934	98.68685241	412.3171654	5018.034111	153.9780714	3678.717759	210.4371567	265.4050124	112.600594	34.96778178
Pimascovirales;Marseilleviridae	64.45770115	107.8913409	78.04787341	110.8292913	407.172929	174.2295229	1517.165722	5623.593419	2760.35692	1548.978665	314.2287141	15.01622379
Pimascovirales;NA	21.13139247	75.31660832	26.67393088	111.0517796	348.5846116	139.5959682	59.75238752	1067.119023	46.75173844	319.8334348	485.4104017	0
Priklausovirales;Lavidaviridae	37.24423108	188.5853564	129.2115077	966.0537965	1458.669569	1402.981506	1588.167471	2534.65193	1487.716156	428.301968	142.9971352	0
Rowavirales;Adenoviridae	0	0	0	0	17.66186242	136.1203458	51.1457896	14.34240569	0	21.96925421	92.59821365	0
Tubulavirales;Inoviridae	30.48803198	67.77416579	43.59591727	182.9001334	293.4020761	403.5115427	436.3000599	1119.195171	553.7732336	575.2864915	241.3297937	7.659652355
Tubulavirales;Paulinoviridae	0	0	0	10.79575384	11.26820511	0	0	0	0	0	0	0
Vinavirales;Corticoviridae	0	0	0	0	0	9.93064654	0	0	0	0	0	0
XNA;NA	1932.091552	4419.070317	3638.31844	7218.119061	20748.73075	21374.43121	13727.84688	14353.12295	11060.67024	9386.22677	6491.666607	698.4701186
XUnclassified	51427.01909	111716.0291	59845.04846	132314.6393	519645.5019	896590.4514	754333.5251	1266438.261	622846.8258	377157.6162	225283.515	19239.96032