Head	Spring	Clearwater	Early Summer	Late Summer	Fall	Ice-on
o__;f__Bacillaceae_G	123.0288541	160.8921327	21.44308567	24.15149978	366.7796982	31.2030479
o__;f__CAIKAF01	91.72549495	77.41849632	10.25103483	0	148.9372561	0
o__;f__Emcibacteraceae	0	0	0	0	4.297390901	0
o__;f__HTCC2089	0	0	0	30.45008311	0	9.723443005
o__;f__S36-B12	0	0	3.78889868	4.624843326	38.55766576	27.29580386
o__;f__UBA12327	0	6.707020099	4.951283784	0	0	0
o__0-14-0-20-30-16;f__0-14-0-20-30-16	0	0	0	0	4.335134426	0
o__2-12-FULL-49-11;f__2-12-FULL-49-11	0	0	0	0	4.575251903	0
o__2-12-FULL-49-11;f__RGXB01	0	0	34.37336537	0	7.682509497	0
o__40CM-2-53-6;f__RBG-13-38-9	0	0	25.80623405	0	0	0
o__4484-211;f__GCA-002791395	0	0	6.840901175	0	0	0
o__Absconditabacterales;f__X112	0	4.736200529	22.61569482	4.268108568	200.4207985	0
o__Acetivibrionales;f__Acetivibrionaceae	0	0	0	10.63012892	0	0
o__Acetivibrionales;f__DSM-8532	3.991115885	16.61007887	0	0	55.26551637	0
o__Acetobacterales;f__Acetobacteraceae	473.2371254	5293.767707	732.9689243	30.20197451	10508.37312	282.533195
o__Acholeplasmatales;f__Acholeplasmataceae	493.0674009	999.1015699	315.0183212	160.9632021	2019.343261	73.98692521
o__Acholeplasmatales;f__Anaeroplasmataceae	2.864214505	0	4.413269431	16.9433464	95.65964689	0
o__Acholeplasmatales;f__UBA5453	234.675082	338.0278549	24.73630004	33.56084676	288.5110417	33.46468671
o__Acholeplasmatales;f__WRBM01	0	0	0	0	19.14347826	0
o__Acidaminococcales;f__Acidaminococcaceae	9.767386833	0	0	0	11.40986165	0
o__Acidiferrobacterales;f__SPGG2	0	0	0	0	37.9328573	0
o__Acidiferrobacterales;f__Sulfurifustaceae	23.25569874	25.42779522	10.0264596	0	198.7244411	35.2615166
o__Acidimicrobiales;f__Bog-793	18.23408411	0	0	0	0	56.10619125
o__Acidimicrobiales;f__Ilumatobacteraceae	8847.76543	7774.442021	7149.696628	3864.110911	19695.59068	5935.018561
o__Acidimicrobiales;f__MedAcidi-G1	180.0838915	190.3239051	75.47452849	102.7765224	321.2660829	116.6274433
o__Acidimicrobiales;f__Microtrichaceae	0	0	0	0	58.3065458	18.08915741
o__Acidimicrobiales;f__RAAP-2	0	0	0	0	398.4377752	0
o__Acidimicrobiales;f__TK06	18.05763915	65.57490143	0	0	241.4659671	0
o__Acidimicrobiales;f__UBA11606	6.229986214	10.0226944	2.657822045	7.56062744	103.713123	24.89070067
o__Acidimicrobiales;f__UBA8139	968.4720588	810.7929168	266.2342154	175.3727298	1012.479694	1076.694327
o__Acidimicrobiales;f__UBA8592	16.31982376	251.1847492	53.93551561	14.94816925	1722.592322	4.228702347
o__Acidobacteriales;f__Acidobacteriaceae	256.5646796	270.8618937	351.1537513	56.55446333	1747.060652	53.03033778
o__Acidobacteriales;f__Koribacteraceae	33.48278888	53.47950491	31.50993356	13.59211387	423.481954	0
o__Actinomarinales;f__Actinomarinaceae	654.0344648	622.645111	398.2848603	122.7218413	2225.058093	161.5731887
o__Actinomycetales;f__Actinomycetaceae	162.3794198	92.70666876	301.3964541	57.15656432	1062.588997	4.280020558
o__Actinomycetales;f__Bifidobacteriaceae	419.8924643	274.8913939	146.5073625	7.612088947	2437.105669	179.4495542
o__Actinomycetales;f__Brevibacteriaceae	6.162743677	75.5303083	11.52656325	4.006894682	424.6572437	0
o__Actinomycetales;f__Cellulomonadaceae	51.97064577	170.5656552	6.680045503	0	112.1084537	0
o__Actinomycetales;f__Demequinaceae	0	0	0	5.833320581	29.22906782	0
o__Actinomycetales;f__Dermabacteraceae	0	0	0	5.238896516	0	0
o__Actinomycetales;f__Dermatophilaceae	13.17444352	0	26.90964965	7.110638349	34.12140939	58.10248711
o__Actinomycetales;f__Microbacteriaceae	5605.364285	6067.028535	1099.374297	444.3463556	4917.391715	647.9292893
o__Actinomycetales;f__Micrococcaceae	253.2145364	917.8249048	270.9929029	136.5908131	4530.089228	50.43417862
o__AKYH767;f__2-12-FULL-35-15	184.8278294	176.6166868	321.1479845	74.34494908	83.48695046	22.18129486
o__AKYH767;f__B-17BO	7115.272079	8811.661934	3405.552462	2404.013535	11128.128	2239.839628
o__AKYH767;f__JACMRI01	0	0	0	0	4.2732201	0
o__AKYH767;f__Palsa-965	0	0	0	0	68.44992798	0
o__AKYH767;f__UBA4408	152.7968693	185.0942211	136.9408844	53.32400927	743.330118	161.9642399
o__AKYH767-A;f__2013-40CM-41-45	23.47427892	8.962284047	106.3763719	0	106.2436732	0
o__AKYH767-A;f__JABDAW01	0	3.717850644	0	0	0	38.33961053
o__AKYH767-A;f__OLB10	0	14.26110965	0	4.303422109	62.1133873	0
o__Anaerolineales;f__Anaerolineaceae	7.001000675	53.53672338	10.46832364	153.6790426	270.7865484	7.427059501
o__Anaerolineales;f__EnvOPS12	62.75148319	62.55954593	70.19068895	152.0078941	809.3463211	100.0803885
o__Anaerolineales;f__UBA11657	213.2222962	463.6319362	239.7748486	46.70468697	1077.528824	26.05500829
o__Anaerolineales;f__UBA11858	0	0	0	0	13.19667237	0
o__Anaerolineales;f__UBA4823	0	0	4.038081671	0	285.0018093	0
o__ANME-1;f__ANME-1	3.945727878	42.08753483	10.08571274	0	61.5175686	0
o__Archaeoglobales;f__Archaeoglobaceae	0	13.24133768	0	0	9.715271117	0
o__Arenicellales;f__UBA868	28.56627524	20.54131649	90.78659494	12.55974953	305.9300576	8.298862485
o__Armatimonadales;f__Armatimonadaceae	3828.072539	4353.377836	1048.232941	475.6869988	3746.544567	417.3467754
o__Azospirillales;f__Azospirillaceae	41.34675055	451.9935501	0	0	251.9298071	0
o__B142;f__J137	5.434826199	0	0	0	6.533723724	0
o__B26-1;f__BA1	0	0	0	8.650675612	6.368785879	5.154662333
o__B26-1;f__UBA233	3.896314734	4.537671792	0	0	93.49148341	0
o__B29-G17;f__B10-G16	0	0	0	0	13.86480772	0
o__B4-G1;f__SLSP01	0	0	109.7979213	11.46135715	52.614899	0
o__Babeliales;f__Babeliaceae	0	0	0	0	6.287288189	0
o__Babeliales;f__Chromulinavoraceae	121.0040239	24.46502467	48.19759709	15.32932924	243.7920957	0
o__Babeliales;f__GCA-2401785	0	0	0	0	48.46909463	0
o__Babeliales;f__RVW-14	139.0914559	285.6371309	429.6903136	48.49177195	5820.128211	82.7714941
o__Babeliales;f__UBA12409	20.6091364	0	70.25342522	0	7.774059521	0
o__Babeliales;f__Vermiphilaceae	23.37469918	9.83951101	3.217743318	0	0	0
o__Bacillales;f__Anoxybacillaceae	0	0	0	0	8.296735271	8.65155411
o__Bacillales;f__Bacillaceae	42.67903748	16.66192638	3.613516642	0	55.71427205	0
o__Bacillales;f__Bacillaceae_G	44.50674434	71.62811131	124.9265565	33.24463565	789.9543783	0
o__Bacillales_A;f__Planococcaceae	162.5104659	470.4216673	51.24757942	22.69860578	644.5824826	32.13169687
o__Bacillales_B;f__DSM-1321	0	0	60.06218832	43.42000911	0	0
o__Bacillales_B;f__DSM-18226	43.89195916	42.91187187	0	44.84611806	66.41522705	53.35923821
o__Bacillales_D;f__Alkalibacillaceae	18.63039469	6.803470895	3.209716812	0	46.24348768	17.88846105
o__Bacillales_D;f__Amphibacillaceae	413.6371474	269.5647677	108.1490426	67.94394055	675.9945135	164.9821635
o__Bacillales_D;f__Halobacillaceae	7.705368761	14.95349853	3.32909424	0	57.92728263	31.39483232
o__Bacillales_G;f__Sporolactobacillaceae	0	0	0	0	17.90812118	0
o__Bacillales_H;f__Bacillaceae_D	28.4516515	248.7728132	191.8037576	22.23541796	374.6889999	71.32737406
o__Bacteriovoracales;f__Bacteriovoracaceae	22.81478409	164.501294	77.13125189	41.70294583	618.8784311	14.02778324
o__Bacteroidales;f__4484-276	0	4.087169837	0	0	18.7293276	0
o__Bacteroidales;f__4572-128	9.597639754	15.29745356	6.944722705	24.41898511	42.34593568	0
o__Bacteroidales;f__Bacteroidaceae	8775.519751	13983.67893	4933.963663	2539.14484	49909.76055	4047.671879
o__Bacteroidales;f__CAIWKO01	4.17569339	0	0	0	0	0
o__Bacteroidales;f__Cfx3-03	4.632651499	9.530474836	0	0	0	0
o__Bacteroidales;f__Coprobacteraceae	0	0	0	0	5.768066605	0
o__Bacteroidales;f__DTGW01	0	64.46671819	0	0	442.5714873	15.56265056
o__Bacteroidales;f__Dysgonomonadaceae	703.5080213	1089.139926	325.4833063	252.8694356	1356.523192	938.7331145
o__Bacteroidales;f__F082	447.5873308	792.4521674	384.7302081	246.5994148	5218.227589	213.402654
o__Bacteroidales;f__FEN-979	0	10.76967758	0	0	15.9696276	0
o__Bacteroidales;f__GWA2-32-17	35.44019337	21.84564918	60.8411139	13.66252351	349.1768578	28.13776473
o__Bacteroidales;f__JAADGE01	4.16895163	6.342575034	0	0	0	0
o__Bacteroidales;f__JAAYUG01	0	0	6.917730229	7.885948798	0	0
o__Bacteroidales;f__JACABE01	0	0	0	10.54821089	21.30870317	7.257316051
o__Bacteroidales;f__Lentimicrobiaceae	41.933309	9.175465788	34.07225506	26.28998338	263.507798	13.69423106
o__Bacteroidales;f__Marinifilaceae	4.901890121	55.86915602	0	0	52.9314242	4.477873513
o__Bacteroidales;f__Marinilabiliaceae	83.7430669	80.96431262	55.70804281	66.04744773	135.3579471	82.11129535
o__Bacteroidales;f__ML635J-15	73.57649691	216.2300685	39.60193153	22.36380244	281.6155782	9.3842084
o__Bacteroidales;f__Muribaculaceae	204.9293015	473.3262102	181.6487436	22.31360071	933.9551667	101.6033027
o__Bacteroidales;f__P3	231.3812548	559.2118229	210.7552391	55.58501613	4900.099669	270.8696555
o__Bacteroidales;f__Paludibacteraceae	756.9576994	1100.826265	420.1868646	135.0276075	2500.129668	245.0376177
o__Bacteroidales;f__Porphyromonadaceae	123.562577	0	3.623642168	0	268.5064193	0
o__Bacteroidales;f__Prolixibacteraceae	12.43332644	28.6014194	36.21403411	0	179.7004389	10.66588605
o__Bacteroidales;f__Rikenellaceae	111.5744939	5.038272167	28.45275122	9.124059855	499.2492744	0
o__Bacteroidales;f__Salinivirgaceae	0	0	0	0	0	8.665644117
o__Bacteroidales;f__SM23-62	15.8726241	0	0	0	0	0
o__Bacteroidales;f__SZUA-534	0	10.58447136	0	0	0	0
o__Bacteroidales;f__Tannerellaceae	25.82840414	7.271934558	0	15.79114179	60.60775568	0
o__Bacteroidales;f__TTA-H9	0	0	0	0	26.38013614	0
o__Bacteroidales;f__UBA12077	0	74.30586753	19.25488672	0	79.05651483	0
o__Bacteroidales;f__UBA12481	0	0	0	0	7.368635708	0
o__Bacteroidales;f__UBA1402	0	0	0	0	4.50624509	0
o__Bacteroidales;f__UBA1556	22.96579868	47.68145364	16.21107953	5.736505953	131.1513541	11.58178385
o__Bacteroidales;f__UBA1715	5.446420304	0	179.8160044	0	15.67249176	0
o__Bacteroidales;f__UBA3663	37.7631538	0	0	5.67137106	32.25326879	0
o__Bacteroidales;f__UBA4417	0	0	0	0	20.12328955	0
o__Bacteroidales;f__UBA7332	0	0	0	0	5.37542901	0
o__Bacteroidales;f__UBA7960	0	9.999393026	9.066757287	0	235.8273046	0
o__Bacteroidales;f__UBA932	114.3812202	94.73758316	76.05229126	77.20280285	800.8855618	0
o__Bacteroidales;f__VadinHA17	58.8471989	18.31740634	0	0	24.73050887	0
o__Bacteroidales;f__WCHB1-69	167.5388147	220.239021	78.68443803	301.6315288	895.1380328	454.6891955
o__Bacteroidales;f__Williamwhitmaniaceae	9.390302597	0	0	0	4.05345606	0
o__Balneolales;f__HLUCCA01	51.59061892	24.07324021	0	0	13.99043804	0
o__BD1-5;f__UBA6164	0	0	0	0	4.264962727	0
o__Bdellovibrionales;f__Bdellovibrionaceae	0	0	280.0549885	0	237.0910008	0
o__Bdellovibrionales;f__SG-bin7	0	0	0	0	27.36313132	0
o__Beggiatoales;f__Beggiatoaceae	7.832336417	0	17.09051351	36.38391662	37.25072754	0
o__Berkiellales;f__Berkiellaceae	19.87483115	15.71621197	0	0	15.09993686	0
o__Bin125;f__Bin125	8.699628245	18.79217239	4.885847023	0	270.4571087	33.53287133
o__Bin18;f__Bin18	0	0	0	0	4.734762553	0
o__BM507;f__UBA12465	11.15665812	0	0	5.679428733	0	17.01421275
o__Borreliales;f__Borreliaceae	0	8.291686748	15.20488588	0	2.962985601	0
o__Bradymonadales;f__Bradymonadaceae	0	0	0	0	10.59363856	0
o__Bradymonadales;f__GCA-2716585	0	0	0	0	8.594562928	0
o__Brevibacillales;f__Brevibacillaceae	184.4534725	221.5733226	127.4811807	14.79432948	177.7019249	87.62473877
o__Bryobacterales;f__Bryobacteraceae	30.44131988	259.4752216	63.25353541	0	1534.763603	0
o__Burkholderiales;f__Burkholderiaceae	25012.25397	45648.53024	16569.66551	7814.896115	120811.558	8661.569258
o__Burkholderiales;f__Burkholderiaceae_A	0	19.11838577	0	6.883497589	43.49678281	0
o__Burkholderiales;f__CAIKXV01	3.897478267	38.35404199	7.506701997	0	40.3220457	6.279787558
o__Burkholderiales;f__Casimicrobiaceae	0	51.81637048	8.079687544	85.82841583	22.45788817	0
o__Burkholderiales;f__Chitinibacteraceae	573.1831495	105.9880284	0	0	120.608008	0
o__Burkholderiales;f__Chitinimonadaceae	71.08216941	137.8466845	0	5.413152143	0	0
o__Burkholderiales;f__Chromobacteriaceae	0	12.3906183	0	0	14.36387899	0
o__Burkholderiales;f__Ferrovaceae	8.548537349	4.969428388	0	0	13.87289454	0
o__Burkholderiales;f__Ga0077523	0	4.17611484	14.372276	0	21.17069279	0
o__Burkholderiales;f__Gallionellaceae	483.4929338	541.5170419	176.6444301	458.3173568	1060.714987	320.6960388
o__Burkholderiales;f__Methylophilaceae	978.584574	1399.985152	763.8657105	162.8525767	2526.389908	117.7967243
o__Burkholderiales;f__Neisseriaceae	47.76963611	50.6057795	17.80723806	4.956605103	465.3668372	8.040053864
o__Burkholderiales;f__Nitrosomonadaceae	674.3696058	603.0074932	388.4097135	274.6147376	942.1899327	75.53211338
o__Burkholderiales;f__Rhodocyclaceae	562.0429925	2220.624717	385.2677596	100.1952396	10688.79702	312.4893177
o__Burkholderiales;f__SG8-39	0	0	7.791765527	8.771463798	90.6197591	0
o__Burkholderiales;f__SG8-41	12.91185646	38.72894386	36.61001499	25.32735173	59.74724653	28.13093009
o__Burkholderiales;f__Sulfuricellaceae	0	11.45770634	0	0	96.70932246	0
o__Burkholderiales;f__Sulfuriferulaceae	0	0	0	0	8.705212128	0
o__Burkholderiales;f__Thiobacillaceae	31.17521925	11.36600413	166.7139732	12.90399327	739.71182	80.31743798
o__Burkholderiales;f__UBA11063	92.52238026	111.4522304	164.0190397	18.82469031	381.5141283	25.11167492
o__Burkholderiales;f__UBA3065	0	0	0	0	208.7285924	0
o__Burkholderiales;f__UKL13-2	292.4013384	1576.336514	331.7864086	78.23125179	113.4316496	9.897008637
o__Burkholderiales;f__Usitatibacteraceae	135.6035892	560.6034977	161.0166823	4.051822971	180.5143247	0
o__CACIAM-22H2;f__CACIAM-22H2	81.87969013	155.624203	164.9749684	0	1132.849746	0
o__CACIAM-69d;f__CACIAM-69d	0	0	0	0	83.50664962	0
o__CACJXQ01;f__CACJXQ01	8.247200062	0	0	0	62.50635066	0
o__Caedimonadales;f__UBA1908	0	0	0	0	0	3.295130331
o__Caenarcaniphilales;f__Caenarcanaceae	0	47.89273947	131.9599806	3.904622074	29.00607829	0
o__Caenarcaniphilales;f__LMEP-6097	9.48835373	343.0920467	116.3506369	0	1068.189653	0
o__CAIKKV01;f__CAIKKV01	0	0	0	0	6.95851796	0
o__CAIKKV01;f__CAITUY01	3.820731885	19.8278484	0	0	395.6333659	0
o__CAILAD01;f__BJGX01	9.825069181	0	6.830909952	0	25.27896412	0
o__CAILAD01;f__CAILAD01	38.46088375	0	0	0	0	0
o__CAISOG01;f__CAISOG01	0	12.86412723	32.95679883	0	102.667185	0
o__CAIYQO01;f__CAIYQO01	0	0	0	0	4.056585509	0
o__Caldilineales;f__Bin34	0	0	0	0	97.76312045	0
o__Caldilineales;f__Caldilineaceae	0	5.816676117	71.64032296	0	528.284548	0
o__Campylobacterales;f__Arcobacteraceae	8.651722126	3.966173976	26.12783722	0	33.69920687	0
o__Campylobacterales;f__Campylobacteraceae	10.00243745	17.00223121	0	3.665755697	59.13496078	0
o__Campylobacterales;f__Helicobacteraceae	2.669614138	140.2798793	0	0	221.5225021	0
o__Campylobacterales;f__Sulfurimonadaceae	19.01011363	102.1622677	32.97520913	24.79334184	87.18243305	0
o__Campylobacterales;f__Sulfurospirillaceae	0	0	4.418472113	0	72.90416473	0
o__Campylobacterales;f__Sulfurovaceae	11.90043944	0	23.98182178	14.65644941	127.1109064	0
o__Cardiobacteriales;f__Cardiobacteriaceae	0	9.241002998	9.42816704	0	0	0
o__Cardiobacteriales;f__Wohlfahrtiimonadaceae	0	0	8.570232712	0	46.92073245	0
o__Caulobacterales;f__Caulobacteraceae	702.5025848	2627.125915	835.3415586	74.82082293	3482.11545	460.9086732
o__Caulobacterales;f__Hyphomonadaceae	0	74.59627159	188.1462087	0	1668.635077	0
o__Caulobacterales;f__Maricaulaceae	0	0	14.45358274	12.87978836	190.6261739	0
o__Caulobacterales;f__Parvularculaceae	0	8.442685282	0	0	35.24086515	4.216535704
o__Caulobacterales;f__TH1-2	4.321493222	104.8202182	15.77296221	0	297.9186739	0
o__CG2-30-59-28;f__CG2-30-59-28	0	0	0	0	12.83300305	0
o__Ch128b;f__Ch128b	7.778243518	4.116679487	0	0	0	0
o__Chitinophagales;f__CAIOSU01	104.9842797	42.99945722	24.1772964	0	37.98346589	55.03575979
o__Chitinophagales;f__Chitinophagaceae	15646.94634	16069.21423	6156.555203	2477.724221	25850.03983	4145.864484
o__Chitinophagales;f__JADJOU01	473.1474372	676.4859796	85.17071457	22.70241789	246.8203166	81.60171338
o__Chitinophagales;f__LD1	7.522421282	55.50301928	8.133137454	6.589707905	44.46017224	0
o__Chitinophagales;f__REEL01	0	0	9.314877451	7.947120847	0	0
o__Chitinophagales;f__Saprospiraceae	3067.379209	3632.251821	1343.842474	991.9525319	4912.549807	1558.961203
o__Chitinophagales;f__UBA10324	0	0	0	0	138.9661361	0
o__Chlamydiales;f__Chlamydiaceae	97.45643927	254.4259775	172.862093	67.24410193	862.8763282	5.589040158
o__Chlamydiales;f__JACRBE01	0	0	0	0	5.803687682	0
o__Chlamydiales;f__Parachlamydiaceae	31.67356926	0	5.856559163	8.28776806	0	122.403354
o__Chlamydiales;f__VFKH01	13.77611911	30.21454735	0	0	14.36501283	0
o__Chloroflexales;f__Chloroflexaceae	0	0	36.70960184	0	55.4714648	0
o__Chloroflexales;f__Roseiflexaceae	5.94745465	0	0	0	46.18441414	71.05853428
o__Christensenellales;f__CAG-74	10.15583127	80.69069541	6.441066213	0	3.110375736	0
o__Christensenellales;f__CAG-917	0	4.16682405	0	0	77.94042486	0
o__Christensenellales;f__DTU072	48.7221661	115.6694464	3.707742214	0	125.4719274	23.87551338
o__Christensenellales;f__UBA1242	39.06012207	25.07437574	21.82325169	58.535026	134.8954394	0
o__Christensenellales;f__UBA3700	23.67716508	22.98344337	22.61514375	32.14612306	13.05142797	10.30745854
o__Christensenellales;f__UBA6094	0	0	177.1775175	0	0	0
o__Chromatiales;f__Chromatiaceae	0	0	95.27917135	0	11.08089237	0
o__Chthoniobacterales;f__Chthoniobacteraceae	1039.647384	2964.126985	2374.5318	57.98414648	10665.0739	71.73601968
o__Chthoniobacterales;f__JACTMZ01	71.82017268	113.3206946	67.16549029	0	1780.093584	12.81149231
o__Chthoniobacterales;f__Terrimicrobiaceae	678.7222166	3428.749711	6426.82217	1084.345719	11273.92463	1330.369939
o__Chthoniobacterales;f__UBA10450	34.25227939	87.1393931	10.06031584	0	88.05461797	0
o__Chthoniobacterales;f__UBA6821	150.269655	5037.975226	175.8009107	28.24816469	2549.60726	0
o__Clostridiales;f__Clostridiaceae	35.64605837	54.69256314	57.15898321	33.87503024	143.9743913	10.13437567
o__Competibacterales;f__Competibacteraceae	24.21565237	12.24039509	0	0	5.17007232	0
o__Coriobacteriales;f__Atopobiaceae	13.11002995	44.51445473	93.27102466	0	287.8725254	0
o__Coriobacteriales;f__Coriobacteriaceae	42.15087118	77.46208874	56.73481926	6.270558119	2488.784444	26.0894328
o__Coxiellales;f__Coxiellaceae	10.06565081	79.24655	25.72551145	5.597893561	165.8661899	29.67913009
o__CR-4;f__AMARA-1	27.14620003	161.6291883	0	0	14.22787388	0
o__CR-4;f__SOKP01	0	0	5.355395167	4.899614333	40.17816076	0
o__CSP1-4;f__UBA10416	1119.907686	1170.685497	547.6669166	189.9594778	3187.960704	116.5783624
o__CSSed11-243R1;f__CSSed11-243R1	0	0	3.92760603	0	0	0
o__Curtissbacterales;f__GWA2-41-24	10.56415901	0	0	0	33.05582189	0
o__Cyanobacteriales;f__CAISPN01	14.05979328	89.76446474	0	0	122.9717308	0
o__Cyanobacteriales;f__Chamaesiphonaceae	0	0	0	0	12.5481179	0
o__Cyanobacteriales;f__Coleofasciculaceae	0	18.18601949	0	0	128.7525476	0
o__Cyanobacteriales;f__Cyanobacteriaceae	12.58734801	8.441846222	33.25522768	12.61821606	239.425154	0
o__Cyanobacteriales;f__Geitlerinemaceae	0	3.795668042	454.670468	0	1230.08688	0
o__Cyanobacteriales;f__Microcoleaceae	21.8320277	68.35576422	14648.839	0	13413.75193	6.164224213
o__Cyanobacteriales;f__Microcystaceae	609.8738709	14333.1071	8659.232548	24.14323003	31491.60349	48.81677736
o__Cyanobacteriales;f__Microcystaceae_A	138.0500635	4531.488197	1768.780618	48.78124615	3704.604454	8.651557936
o__Cyanobacteriales;f__Nostocaceae	17252.84851	61014.89192	11208.47954	1433.015061	32846.08412	1680.85636
o__Cyanobacteriales;f__Oscillatoriaceae	0	45.37092836	0	0	32.60101035	53.76166827
o__Cyanobacteriales;f__Oscillatoriaceae_A	0	0	0	0	19.70094716	0
o__Cyanobacteriales;f__Xenococcaceae	0	0	0	0	68.84984261	0
o__Cytophagales;f__Amoebophilaceae	0	0	2.421300561	0	0	0
o__Cytophagales;f__Bernardetiaceae	0	30.81463575	27.37912187	4.860299985	0	0
o__Cytophagales;f__Catalimonadaceae	2.966914054	0	0	18.1015766	44.08289425	0
o__Cytophagales;f__Cyclobacteriaceae	628.8129653	1399.185044	1004.442103	140.0410077	2151.29137	507.7678824
o__Cytophagales;f__Cytophagaceae	0	0	0	0	0	5.909324539
o__Cytophagales;f__Flammeovirgaceae	18.01492988	11.70519673	0	0	12.3505536	6.218179187
o__Cytophagales;f__Hymenobacteraceae	31.92842881	21.72264357	26.37145313	4.233119806	139.256345	0
o__Cytophagales;f__Marinoscillaceae	0	0	0	5.843727264	0	0
o__Cytophagales;f__Microscillaceae	6.628402515	0	6.820167032	0	9.116881884	0
o__Cytophagales;f__Spirosomaceae	1451.44988	998.6331777	142.1751922	76.17125294	1593.381409	189.2812548
o__Cytophagales;f__UBA9547	28.81286011	9.581993384	26.62883941	0	0	0
o__Dehalococcoidales;f__Dehalococcoidaceae	0	0	0	0	5.749300962	0
o__Dehalococcoidales;f__UBA1222	21.98936709	62.9169758	0	0	42.98221221	0
o__Dehalococcoidales;f__UBA3254	4.178652909	94.26951716	6.240572122	0	28.19222059	0
o__Desulfobacterales;f__Desulfatirhabdiaceae	0	0	0	0	31.43572056	0
o__Desulfobacterales;f__Desulfolunaceae	8.412146474	0	212.6940692	0	0	0
o__Desulfobacterales;f__UBA2245	0	0	9.828005204	0	4.03405942	0
o__Desulfobulbales;f__Desulfocapsaceae	0	6.275077299	0	0	0	0
o__DHVEG-1;f__DHVEG-1	212.4038039	312.8772501	57.43697736	48.47436418	868.2985583	62.84355484
o__Diplorickettsiales;f__Diplorickettsiaceae	30.4837867	31.33469058	0	0	25.14084416	0
o__DSM-16000;f__Inquilinaceae	0	0	0	0	50.44521847	0
o__DSM-16500;f__DSM-16500	641.6591245	419.9825519	293.3334698	105.5647498	996.0986052	60.6615028
o__DTBI01;f__DTBI01	23.29220595	45.70561482	0	0	149.5365472	0
o__DTU022;f__DTU022	15.56089769	6.938783807	15.55669636	3.622160485	12.8683963	0
o__Ectothiorhodospirales;f__Ectothiorhodospiraceae	0	0	0	0	152.9708214	0
o__Ectothiorhodospirales;f__Thioalkalivibrionaceae	0	21.37870578	0	0	15.28536272	0
o__Elainellales;f__Elainellaceae	0	0	6.33685621	0	108.5169877	0
o__Elsterales;f__Elsteraceae	40.08260566	95.39655072	79.21650092	0	8.83592496	0
o__Elusimicrobiales;f__Elusimicrobiaceae	138.7558223	102.4669504	5.31025281	96.02240369	145.6050663	78.01434429
o__Enterobacterales;f__Aeromonadaceae	118.5723836	38.27923169	5.4863122	13.59698138	26.12513938	0
o__Enterobacterales;f__Alteromonadaceae	3491.693951	4208.089343	4361.375827	789.7745714	6402.282892	1117.919371
o__Enterobacterales;f__Enterobacteriaceae	3761.925537	3945.769797	2598.731534	1062.181565	11914.47785	970.2002511
o__Enterobacterales;f__GCA-002770795	0	0	0	0	9.597342589	0
o__Enterobacterales;f__Kangiellaceae	0	9.275453451	0	0	37.57196902	0
o__Enterobacterales;f__Moritellaceae	0	8.62596698	0	6.225253165	8.858091846	0
o__Enterobacterales;f__Neiellaceae	4.624600604	0	0	0	0	0
o__Enterobacterales;f__Pasteurellaceae	5097.88565	5111.337501	2083.791666	614.3789576	13746.99897	1292.185284
o__Enterobacterales;f__Psychrobiaceae	0	0	36.85369344	0	0	0
o__Enterobacterales;f__Psychromonadaceae	36.67900202	20.68365227	28.17427557	32.61707996	36.84955286	0
o__Enterobacterales;f__Shewanellaceae	354.1874231	327.1589592	120.8674907	18.64878965	951.485306	76.00734358
o__Enterobacterales;f__Succinivibrionaceae	49.50000066	330.1497557	7.631907201	55.32845632	290.0189309	7.280595051
o__Enterobacterales;f__Vibrionaceae	4785.304097	7664.340782	3289.412818	1330.255107	11958.62624	1232.230315
o__Erysipelotrichales;f__Erysipelatoclostridiaceae	640.1666756	743.3236461	352.3043278	163.5190611	1731.637097	228.9460058
o__Erysipelotrichales;f__Erysipelotrichaceae	850.2655101	868.763864	367.2644815	178.0760263	1388.760717	182.3213149
o__Exiguobacterales;f__Exiguobacteraceae	0	0	0	0	18.61870246	0
o__Fibrobacterales;f__Fibrobacteraceae	0	0	0	0	9.290058831	0
o__Fimbriimonadales;f__Fimbriimonadaceae	32.74346798	105.3238729	32.50190637	12.34119495	740.1275489	0
o__Flavobacteriales;f__BACL11	572.8355954	200.5352722	459.8491268	161.4974254	865.8699551	68.10964393
o__Flavobacteriales;f__Blattabacteriaceae	5.919542591	0	0	0	3.864852959	13.19990992
o__Flavobacteriales;f__CAIKAF01	31.75594784	25.20279197	12.73128819	0	383.5742756	0
o__Flavobacteriales;f__Crocinitomicaceae	9859.962637	9109.461699	5473.622586	2985.742744	14759.66213	2966.743381
o__Flavobacteriales;f__Flavobacteriaceae	35644.86815	49398.15057	19811.04402	10990.20224	76451.0938	16947.28536
o__Flavobacteriales;f__GCA-002722245	0	0	0	0	0	18.33221462
o__Flavobacteriales;f__NORP154	0	8.689460797	15.89888784	0	67.85078433	0
o__Flavobacteriales;f__PHOS-HE28	16.81875017	401.9710664	192.1832786	0	2660.743549	11.53385573
o__Flavobacteriales;f__Salibacteraceae	0	24.13105218	0	0	0	0
o__Flavobacteriales;f__Schleiferiaceae	874.8140908	874.6922639	445.2478784	155.2824832	4515.088681	87.57669267
o__Flavobacteriales;f__TMED113	114.3418057	169.426958	15.56527442	25.26113317	183.2568112	11.35803377
o__Flavobacteriales;f__UA16	3127.463544	981.2556102	628.8714856	89.23180421	2025.397473	182.9732486
o__Flavobacteriales;f__UBA10066	22.4270589	152.3707731	21.14885557	10.28645681	89.74034922	13.93660646
o__Flavobacteriales;f__UBA10329	0	4.067626747	24.10739646	0	0	0
o__Flavobacteriales;f__UBA7312	6.864173288	20.61095389	14.81883103	0	52.5222325	0
o__Flavobacteriales;f__UBA7430	9.75647195	0	0	0	0	0
o__Flavobacteriales;f__Vicingaceae	0	4.255823362	0	0	19.60671434	0
o__Flavobacteriales;f__Weeksellaceae	870.4580049	499.5830134	259.6779768	151.8265171	1314.140811	499.8182369
o__Francisellales;f__Francisellaceae	339.1806262	600.8496744	246.2622456	29.75944495	329.5755265	47.83640158
o__Fusobacteriales;f__Fusobacteriaceae	0	8.069600835	0	0	70.85177715	0
o__Fusobacteriales;f__Leptotrichiaceae	0	0	0	8.211640765	0	0
o__Ga0077536;f__Ga0077536	351.4020442	198.3276809	53.89514966	19.8511685	312.827263	46.59976942
o__Ga0077560;f__Ga0077560	0	0	22.7443348	4.818267855	5.575644044	5.448582404
o__Gaiellales;f__F1-60-MAGs149	83.3494814	88.2558446	126.638307	28.86792095	1196.731512	204.2713565
o__Gastranaerophilales;f__Gastranaerophilaceae	17.43418205	0	0	0	4.249571264	0
o__GCA-002687715;f__CAIWVZ01	0	0	0	0	12.2628031	0
o__GCA-002705445;f__GCA-002705445	13.95977322	16.10884698	0	0	13.21095668	0
o__GCA-002705445;f__GCA-002716945	127.9789704	140.4530842	39.36459774	54.77852398	216.6594372	49.36111898
o__GCA-2400775;f__GCA-2400775	0	0	0	7.238886261	32.72279626	0
o__GCA-2716485;f__AAA071-K20	0	4.999335467	0	0	0	0
o__GCA-2717565;f__GCA-2717565	0	0	0	0	12.62330056	0
o__Gemmatales;f__Gemmataceae	28.63298043	478.0134769	935.2069675	375.5843533	2083.522314	537.1863577
o__Gemmatimonadales;f__Gemmatimonadaceae	319.6464756	571.7715511	123.5842605	76.63104082	849.9376012	369.5490028
o__Geobacterales;f__Pseudopelobacteraceae	109.5984036	27.65364868	36.44675491	24.79768913	488.2554113	26.89207372
o__GW2011-AR5;f__GCA-2688965	171.0884936	117.0075308	4.640084407	0	96.23006708	15.80128709
o__GWA2-44-7;f__GWA2-44-7	6.05071308	0	0	0	0	4.816388546
o__GWA2-44-7;f__UBA10165	0	0	0	0	118.4291992	0
o__GWA2-44-7;f__UBA8517	28.24505969	316.8550386	19.9408368	37.40455985	135.1232237	0
o__Halobacteriales;f__Halalkalicoccaceae	8.138877161	0	0	0	0	0
o__Halobacteriales;f__Haloarculaceae	37.37333335	37.33766182	0	0	110.6107501	0
o__Halobacteriales;f__Haloferacaceae	154.8473912	291.9674134	111.1401385	58.03300253	764.2008665	138.2050217
o__Halobacteriales;f__Natrialbaceae	0	6.407432243	0	0	5.941106086	0
o__Halobacteriales;f__UBA12382	0	0	0	0	54.45503586	0
o__Haloplasmatales;f__Haloplasmataceae	13.87493163	15.37607258	0	0	4.660572326	0
o__Helarchaeales;f__HEL-GB-A	3.352210375	5.788596095	25.47955553	0	0	0
o__Helarchaeales;f__RDOG01	0	0	0	0	10.99942954	0
o__HIMB59;f__GCA-002718135	8.490034191	36.36085519	65.1443925	15.04014484	168.7658247	0
o__HIMB59;f__HIMB59	9.300259366	4.759426869	2.946467782	0	33.53165292	0
o__Holophagales;f__Holophagaceae	0	0	0	0	6.191448778	0
o__Holosporales;f__Holosporaceae	0	28.92748481	8.96801679	0	34.13217346	0
o__Holosporales;f__VGCF01	0	0	42.24594	0	23.0912344	0
o__Hydrogenedentiales;f__WGMK01	0	0	0	0	51.47057775	0
o__Ignavibacteriales;f__Ignavibacteriaceae	0	0	0	0	24.14032233	0
o__IMCC26256;f__PALSA-555	0	0	0	0	30.77931909	0
o__Isosphaerales;f__Isosphaeraceae	22.89238133	115.2272239	122.9446113	17.72082071	200.0750507	293.7572465
o__Izemoplasmatales;f__Izemoplasmataceae	1740.122102	3571.420327	561.6937648	133.277909	2453.645406	475.5580486
o__Izemoplasmatales;f__UBA1188	289.7732501	25.59212691	7.5879716	7.010485492	36.21985929	4.989733847
o__Izemoplasmatales;f__UBA5603	427.3809573	1076.241882	400.6253271	125.98323	1569.720502	88.94256851
o__J045;f__J045	0	0	0	0	29.25276505	0
o__JABABF01;f__JABABF01	38.98811729	4.636205955	0	0	13.85148228	0
o__JACMRA01;f__JACMRA01	21.88673553	2.697208872	32.21077852	0	14.07051945	0
o__Kapabacteriales;f__Kapabacteriaceae	0	114.9884436	17.18858231	0	1146.046017	0
o__Kapabacteriales;f__NICIL-2	0	0	0	0	3.711441411	0
o__Kapabacteriales;f__UBA2268	22.05190698	3.053841048	0	0	85.97380225	0
o__Kapabacteriales;f__UBA4661	0	33.17844466	7.743745658	0	40.28844681	0
o__Kapabacteriales;f__UBA961	4340.1092	6002.410152	799.0590396	406.8855072	3454.327993	531.756158
o__Kiloniellales;f__CECT-8803	0	20.12192163	0	0	0	0
o__Kiritimatiellales;f__Pontiellaceae	0	0	0	0	45.32779005	0
o__Lachnospirales;f__Anaerotignaceae	0	0	0	0	9.321605484	0
o__Lachnospirales;f__Cellulosilyticaceae	26.41327509	0	10.09456861	0	110.9138292	9.322589084
o__Lachnospirales;f__Defluviitaleaceae	0	0	0	0	0	7.949161334
o__Lachnospirales;f__JAAYNZ01	0	18.44113377	5.783068964	0	21.35327385	0
o__Lachnospirales;f__Lachnospiraceae	1538.735225	1509.294433	844.0311187	278.9185248	2930.418088	517.8829361
o__Lachnospirales;f__UBA5962	0	35.11580065	0	0	52.5809701	0
o__Lachnospirales;f__Vallitaleaceae	0	0	0	0	49.08458006	0
o__Lachnospirales;f__WRAX01	0	0	7.689903012	0	0	0
o__Lachnospirales;f__WRBF01	0	0	0	0	28.19367603	0
o__Lactobacillales;f__Aerococcaceae	63.84940024	176.2021939	102.5569235	16.3484811	353.6031313	27.74749349
o__Lactobacillales;f__Carnobacteriaceae	130.0936505	80.57938143	81.66490338	34.47629136	422.28492	51.67926554
o__Lactobacillales;f__Enterococcaceae	2988.065309	2489.009785	1018.796972	414.5960116	4077.332662	398.9551058
o__Lactobacillales;f__Lactobacillaceae	8864.855312	10313.91653	4553.512446	2017.471119	12310.00226	2331.187938
o__Lactobacillales;f__Streptococcaceae	3208.566516	5006.366641	2270.740631	722.0818084	11801.34056	574.2518268
o__Lactobacillales;f__Vagococcaceae	77.4656613	9.359643346	24.72307231	0	75.41722353	12.32636083
o__LD1-PB3;f__CAIQIC01	0	15.93175216	72.20585064	0	84.21716455	0
o__Legionellales;f__Legionellaceae	1460.515001	1926.914907	623.7427098	433.2289397	4302.825872	572.2312869
o__Leptolyngbyales;f__Leptolyngbyaceae	0	0	0	0	43.60994096	0
o__Leptospirales;f__Leptospiraceae	0	20.27553559	0	0	0	0
o__Levybacterales;f__UBA12049	8.793210024	0	0	0	0	0
o__Limnocylindrales;f__Limnocylindraceae	1121.880774	957.9033822	457.9527023	124.1719199	1059.770882	216.9972023
o__LLD-282;f__LLD-282	80.96927779	15.67880666	75.31519127	30.68846433	587.0626509	10.47952696
o__LZORAL124-64-63;f__LZORAL124-64-63	0	4.8138102	0	0	15.14990309	0
o__Magasanikbacterales;f__2-02-FULL-50-9b	0	0	0	0	4.765354488	0
o__Magasanikbacterales;f__UBA922	0	0	0	0	2.508809549	0
o__Magnetococcales;f__Magnetaquicoccaceae	0	0	0	0	27.91883585	0
o__MAG-NZ;f__MAG-NZ	0	0	7.543992192	0	27.96104398	0
o__Marinisomatales;f__TCS55	0	0	33.17799498	0	106.1284083	0
o__Mariprofundales;f__Mariprofundaceae	0	14.20348877	0	0	0	0
o__Methanobacteriales;f__Methanobacteriaceae	1784.314415	714.449269	241.8670033	145.6304854	722.9841125	177.4722606
o__Methanobacteriales;f__Methanothermaceae	0	0	0	0	2.884167554	0
o__Methanobacteriales;f__Methanothermobacteraceae	0	10.02315468	0	0	7.347803218	0
o__Methanobacteriales;f__Methanothermobacteraceae_A	0	14.65806932	15.81429843	0	8.355557453	0
o__Methanocellales;f__Methanocellaceae	25.16256167	0	4.604415233	0	102.9549139	0
o__Methanocellales;f__UBA148	14.31583051	10.81627384	21.87062569	4.509302978	43.59365563	8.247252385
o__Methanococcales;f__Methanocaldococcaceae	6.970279694	0	0	5.235631875	8.692191842	0
o__Methanococcales;f__Methanococcaceae	21.15776589	0	12.58154671	107.8699129	293.7169151	6.832603449
o__Methanofastidiosales;f__Methanofastidiosaceae	134.1538782	150.4459029	65.45172	23.79087155	233.3381876	26.04552989
o__Methanomassiliicoccales;f__JACIVX01	0	0	0	8.301169091	0	0
o__Methanomassiliicoccales;f__Methanomassiliicoccaceae	0	64.77123734	0	0	15.25676111	0
o__Methanomassiliicoccales;f__Methanomethylophilaceae	9.853813176	13.90542039	24.90736252	0	0	0
o__Methanomethylicales;f__Methanomethylicaceae	0	0	0	0	10.3517003	0
o__Methanomicrobiales;f__Methanoculleaceae	13.60521358	3.800432304	0	0	3.954764274	138.8193284
o__Methanomicrobiales;f__Methanosphaerulaceae	0	0	24.81338901	0	6.31703101	0
o__Methanosarcinales;f__Methanoperedenaceae	508.9255014	205.8900959	0	21.93852036	25.43179962	21.98289161
o__Methanosarcinales;f__Methanosarcinaceae	0	30.41117781	22.70733825	24.09455125	55.90808328	0
o__Methanotrichales;f__Methanotrichaceae	0	11.54107948	0	60.85166546	0	9.649957764
o__Methylacidiphilales;f__UBA3015	38.91241287	24.98208771	6.363809842	16.66317179	902.341241	22.36178433
o__Methylococcales;f__Cycloclasticaceae	4.773327191	0	0	0	4.101179636	0
o__Methylococcales;f__Methylococcaceae	40.2347839	116.5959878	1633.443993	178.0676096	1186.526383	56.50620445
o__Methylococcales;f__Methylomonadaceae	2227.916245	2565.477146	11590.29872	1554.958236	9273.630643	850.1002331
o__MGIII;f__CG-Epi1	68.32253962	407.9984057	0	0	1557.961251	0
o__Micavibrionales;f__Micavibrionaceae	0	20.83162753	45.50078748	16.95088403	823.9823398	0
o__Micavibrionales_A;f__RFNS01	28.53785706	0	56.08437642	0	3776.362626	0
o__Micavibrionales_A;f__UBA9219	0	3.958117578	0	0	0	0
o__Micropepsales;f__Micropepsaceae	411.3841714	513.487384	14.26005084	0	459.0522169	12.56667135
o__Miltoncostaeales;f__Miltoncostaeaceae	0	0	17.73669371	0	2.94084744	0
o__ML615J-28;f__CAG-313	323.0155685	254.3910451	134.9941742	32.50248	337.1527378	63.17824975
o__ML615J-28;f__CAG-698	266.8738259	183.7856328	85.1198277	65.93456702	499.193207	47.69149026
o__Monoglobales;f__Firm-18	0	72.99151321	0	0	32.34720572	0
o__Monoglobales_A;f__UBA1381	0	0	0	0	9.764662688	0
o__MPNO01;f__UBA2964	0	0	0	0	6.244723365	0
o__Mycobacteriales;f__Micromonosporaceae	0	4.892492191	8.168332895	40.50030401	422.7885719	0
o__Mycobacteriales;f__Mycobacteriaceae	6007.846984	16111.63928	7102.452969	1184.16129	55317.5446	2251.461181
o__Mycobacteriales;f__Nakamurellaceae	0	0	0	0	14.36535861	0
o__Mycobacteriales;f__Pseudonocardiaceae	0	15.34029286	0	0	169.8056428	0
o__Mycoplasmatales;f__Metamycoplasmataceae	16.68468833	61.59031719	27.52663288	8.808232063	115.4474379	0
o__Mycoplasmatales;f__Mycoplasmataceae	1992.76781	556.634007	262.2966998	606.6063686	535.6564037	1076.433349
o__Mycoplasmatales;f__Mycoplasmoidaceae	5.330848207	0	0	0	222.3799327	0
o__Mycoplasmatales;f__VBWQ01	0	3.594635147	3.630687857	0	0	0
o__Myxococcales;f__Myxococcaceae	0	4.90171781	0	0	584.4915547	0
o__Nannocystales;f__Nannocystaceae	0	0	0	0	30.4454088	0
o__Nanopelagicales;f__AcAMD-5	592.8057752	824.51324	418.1581494	114.1571524	3642.387101	87.72689609
o__Nanopelagicales;f__GCA-2699445	0	0	0	0	41.20084511	0
o__Nanopelagicales;f__Nanopelagicaceae	7168.744518	7737.892122	6845.175403	1896.757355	24773.65125	2464.320931
o__Nanopelagicales;f__S36-B12	115.1144881	350.7238935	151.4731993	112.5000614	1427.872846	275.5344288
o__Nanopelagicales;f__UBA12327	8.9777734	0	136.2039175	13.0877972	4.165572509	41.22039323
o__Nanopelagicales;f__UBA5976	864.5541475	563.1609138	70.30297435	5.875086299	380.086934	20.68043565
o__Nanosalinales;f__Nanosalinaceae	6.61813452	8.027266974	0	10.57736194	59.56710306	63.87548892
o__Nautiliales;f__Nautiliaceae	0	0	0	0	3.986076936	0
o__Neosynechococcales;f__Neosynechococcaceae	0	0	0	0	10.3336138	0
o__Nevskiales;f__Nevskiaceae	285.2833147	19.31948118	14.87317619	0	3.073366976	0
o__Nevskiales;f__Oceanococcaceae	0	0	0	0	40.9865147	0
o__Nevskiales;f__Salinisphaeraceae	0	24.54162709	9.309166284	0	0	0
o__Nitrococcales;f__Nitrococcaceae	0	0	0	0	137.305008	0
o__Nitrosococcales;f__Methylophagaceae	20.60828324	26.01409937	24.16525015	0	57.38556665	10.46592921
o__Nitrososphaerales;f__Nitrosopumilaceae	0	7.877641055	6.176459719	0	8.514874009	0
o__Nitrososphaerales;f__Nitrososphaeraceae	67.05852575	24.18557581	17.42795971	14.09186119	467.5758364	0
o__Nitrososphaerales;f__UBA213	0	0	0	0	95.19802768	0
o__Nitrospirales;f__Nitrospiraceae	9.40481058	17.62568509	0	17.23286016	93.98648014	52.99479212
o__NS11-12g;f__UBA9320	191.0452237	261.7582769	107.9751206	22.68031113	212.1237346	35.95025207
o__NS11-12g;f__UBA955	974.7167524	1522.51856	665.9259497	202.6428026	1904.977343	170.120536
o__NS11-12g;f__UKL13-3	790.9523555	971.5424872	425.3917937	152.2063279	2758.026789	86.57448404
o__Obscuribacterales;f__Obscuribacteraceae	37.93087605	95.11583678	104.1634138	35.21304504	1252.863649	0
o__Oligoflexales;f__Bog-1112	0	0	0	0	26.48247856	0
o__Oligoflexales;f__CAIMVM01	0	0	3.853567428	0	0	0
o__Oligoflexales;f__RGVZ01	403.6499708	73.81977944	293.009729	49.6877947	1627.675158	27.38523252
o__Opitutales;f__DSM-45221	0	0	0	0	20.10848336	0
o__Opitutales;f__MB11C04	125.6707586	104.5420573	42.10404743	0	484.40523	0
o__Opitutales;f__Opitutaceae	729.4692469	1196.044575	977.0155927	448.4380991	5157.654622	267.5619662
o__Opitutales;f__UBA953	18317.54296	28463.26916	4424.1924	1309.245594	9523.093148	3350.958355
o__Oscillospirales;f__Acutalibacteraceae	46.72820101	31.32029651	102.1557316	0	174.3636594	16.19240807
o__Oscillospirales;f__Butyricicoccaceae	0	40.92322457	0	0	67.11761328	0
o__Oscillospirales;f__CAG-272	0	0	4.450614104	0	27.18651755	0
o__Oscillospirales;f__Ethanoligenenaceae	6.718460732	0	0	0	0	8.496091652
o__Oscillospirales;f__Oscillospiraceae	273.1145641	118.2166931	29.09062869	4.863309949	377.8763384	268.6605006
o__Oscillospirales;f__Ruminococcaceae	28.18472315	82.3629581	32.87513982	0	100.2109388	0
o__Oscillospirales;f__UBA1758	0	0	15.2340515	0	0	0
o__Pacearchaeales;f__GW2011-AR1	0	0	0	0	0	7.737932083
o__Pacearchaeales;f__UBA73	0	0	0	0	189.9131932	0
o__Paceibacterales;f__UBA5633	0	5.480049076	2.253917154	10.64484107	0	0
o__Paenibacillales;f__Paenibacillaceae	550.3016822	1016.830391	484.2092757	386.2885609	3419.849658	170.5454985
o__Palsa-1439;f__Palsa-1439	0	17.61137138	0	0	41.3023894	0
o__Paracaedibacterales;f__UBA11393	26.93775872	0	643.5900528	14.77213715	365.6968812	625.4830644
o__Paracaedibacterales;f__VGCI01	0	0	0	0	3.695315779	0
o__Parvibaculales;f__Parvibaculaceae	13.36864041	0	0	0	222.1414323	0
o__PCC-6307;f__Cyanobiaceae	9198.896032	35682.61635	7436.671298	1287.711442	176675.5727	2760.32365
o__PCC-9006;f__Prochlorotrichaceae	0	0	0	20.44454993	37.01199839	0
o__Pedosphaerales;f__BJHT01	0	86.45561898	10.21982856	0	61.19222712	0
o__Pedosphaerales;f__CAIMTB01	0	0	0	0	54.69122948	0
o__Pedosphaerales;f__CAIYYI01	0	0	0	0	12.31698158	0
o__Pedosphaerales;f__NGM72-4	0	0	0	0	10.01224944	0
o__Pedosphaerales;f__SXQI01	0	86.58085784	338.1799221	0	248.6988968	0
o__Pedosphaerales;f__SXTU01	2.706252697	2.252499856	13.58182772	7.367321595	285.4636498	4.84184386
o__Pedosphaerales;f__UBA1096	0	16.54753716	0	0	52.16217637	0
o__Pedosphaerales;f__UBA11358	291.7586616	766.8144314	768.4974392	55.07782848	3915.232422	68.82628394
o__Pedosphaerales;f__UBA3939	0	11.70209099	0	0	0	0
o__Pedosphaerales;f__UBA8199	0	22.64792875	0	0	16.5354916	0
o__Pedosphaerales;f__UBA9464	235.7774367	898.9326642	145.9140422	25.13299439	2052.756546	46.5222701
o__Pelagibacterales;f__AG-422-B15	6.930907182	21.68343167	10.54851937	12.30677738	121.9600562	0
o__Pelagibacterales;f__Pelagibacteraceae	5316.775572	2394.264681	1532.781261	588.5409045	13125.35576	200.8006459
o__Peptostreptococcales;f__Acidaminobacteraceae	11.46164857	42.0487295	3.689117972	0	91.33938703	0
o__Peptostreptococcales;f__Anaerovoracaceae	7.396111192	0	0	0	68.00467542	0
o__Peptostreptococcales;f__Natronincolaceae	12.07302015	0	12.52343819	0	434.3162899	0
o__Peptostreptococcales;f__Peptostreptococcaceae	98.78241449	106.9968951	113.5383263	39.16278701	199.5851298	166.7823544
o__Peribacterales;f__Peribacteraceae	0	0	0	0	38.36579963	0
o__PHBI01;f__PHBI01	0	0	0	0	11.68475241	0
o__Phormidesmiales;f__Phormidesmiaceae	5.947375693	0	41.06011552	0	7067.264252	0
o__Phycisphaerales;f__SM1A02	1097.657407	1347.270956	1622.141893	1541.228566	21757.49121	3532.277023
o__Phycisphaerales;f__UBA1924	0	51.05326284	62.42404956	0	813.5875277	0
o__Pirellulales;f__Ga0077529	0	3.744388794	6.517550481	0	10.34733946	0
o__Pirellulales;f__Pirellulaceae	563.54369	10606.10342	4191.516436	113.4314346	41417.71109	610.5897852
o__Pirellulales;f__PLA5	0	0	0	0	25.41077167	0
o__Pirellulales;f__Thermoguttaceae	0	0	0	0	2.664399051	0
o__Pirellulales;f__UBA1268	510.8772469	1911.173795	4265.254296	407.98598	48615.32063	872.3252746
o__Piscirickettsiales;f__Piscirickettsiaceae	0	0	0	0	4.437999665	0
o__PIVX01;f__PIVX01	55.33745396	211.8848067	16.25848295	17.61956756	182.1686781	75.68113261
o__PIWD01;f__PIWD01	43.22261025	10.75855874	74.96654295	15.89998304	53.1214372	0
o__Planctomycetales;f__Planctomycetaceae	343.0952137	528.1363729	441.0452985	35.26223369	7728.313504	765.6382011
o__Planctomycetales;f__UBA10511	0	0	34.88979456	0	1916.920199	0
o__Polyangiales;f__Ga0077539	0	9.794572694	85.72644661	0	532.5580064	0
o__Polyangiales;f__JADJMO01	8.115253992	0	12.5530071	0	0	0
o__Polyangiales;f__JADJQN01	0	0	0	0	15.95693544	0
o__Polyangiales;f__Polyangiaceae	83.35073902	0	36.4136439	0	1563.792896	0
o__Polyangiales;f__Sandaracinaceae	0	50.58657061	4.212653006	0	496.2010041	0
o__Polyangiales;f__SG8-38	0	0	0	0	107.1684226	0
o__Poseidoniales;f__Poseidoniaceae	24.26645116	43.0577713	85.17749077	75.93232965	539.6768042	9.269020285
o__Poseidoniales;f__Thalassarchaeaceae	38.30457848	144.8823547	532.15524	33.89995351	2566.067754	9.319829752
o__Promineofilales;f__Promineofilaceae	121.1897337	157.0766369	0	0	187.8043805	47.20325765
o__Propionibacteriales;f__Kribbellaceae	0	11.57997629	0	0	7.157787366	0
o__Propionibacteriales;f__Nocardioidaceae	3.679590808	0	0	0	0	0
o__Propionibacteriales;f__Propionibacteriaceae	486.6535868	54.99935372	21.48724315	0	1823.061223	35.64870409
o__PS1;f__Thioglobaceae	6443.592026	9653.564795	4400.989	1627.167442	10535.5514	1274.876144
o__Pseudanabaenales;f__Pseudanabaenaceae	220.5866731	6275.160856	7218.769134	22.19027883	8547.072084	76.7694348
o__Pseudomonadales;f__Alcanivoracaceae	0	5.786104939	0	0	36.81302176	0
o__Pseudomonadales;f__Cellvibrionaceae	394.6211992	1720.163498	370.9324276	175.0810691	2496.555404	69.46832539
o__Pseudomonadales;f__Halieaceae	310.1650782	208.565583	143.2670529	47.5502534	946.0053189	32.1972253
o__Pseudomonadales;f__Halomonadaceae	571.879233	476.6408748	59.05890469	50.69704496	835.7124269	170.9936653
o__Pseudomonadales;f__HTCC2089	1413.584435	1144.091024	351.6778683	111.4031697	2067.603399	664.1910305
o__Pseudomonadales;f__Ketobacteraceae	0	0	3.93498772	22.10796973	0	0
o__Pseudomonadales;f__Litoricolaceae	263.3982582	72.08435964	70.70894416	0	192.1725268	67.91264983
o__Pseudomonadales;f__Marinomonadaceae	686.1650593	723.4580832	548.5219328	387.4339422	1954.606247	135.455839
o__Pseudomonadales;f__Moraxellaceae	8040.820252	5416.682764	4029.297129	1934.298708	15457.3353	1545.995484
o__Pseudomonadales;f__Nitrincolaceae	184.5441255	107.8290574	87.72612718	15.03669312	144.141441	45.35797986
o__Pseudomonadales;f__Oleiphilaceae	182.593284	99.359536	22.61127755	19.17282831	378.3846009	43.61564035
o__Pseudomonadales;f__Porticoccaceae	729.540921	972.7420918	300.8560487	155.9462846	1158.008947	113.4136539
o__Pseudomonadales;f__Pseudohongiellaceae	5537.166411	5227.262974	1684.754845	1650.500095	15857.24592	1528.468066
o__Pseudomonadales;f__Pseudomonadaceae	4353.262108	5737.573243	1487.712585	1575.375119	12133.37969	517.2893441
o__Pseudomonadales;f__Saccharospirillaceae	30.23189017	13.01688568	36.93279157	0	10.63532669	0
o__Pseudomonadales;f__Spongiibacteraceae	3.795648933	9.851165533	14.76678601	0	93.20420981	41.64178889
o__Pseudomonadales;f__UBA5518	0	7.593808458	0	0	68.87054244	0
o__Puniceispirillales;f__AAA536-G10	61.02842226	31.84872901	26.95246846	24.74203251	215.2480251	0
o__Puniceispirillales;f__Puniceispirillaceae	16.77595231	70.86220521	96.6069024	0	131.8484407	30.64293134
o__QZLD01;f__QZLD01	7.615018227	0	0	0	15.80530444	0
o__RBC074;f__RBC074	0	0	12.55382784	0	6.212446596	0
o__RBG-16-64-13;f__RBG-16-64-13	0	0	0	0	5.103233148	0
o__RBG-16-68-12;f__RBG-16-68-12	18.02051298	9.977453169	0	10.63932425	187.7441436	21.48124441
o__REDH01;f__REDH01	46.99604748	47.29519132	43.46831952	10.02535529	50.22589125	20.57619102
o__Reyranellales;f__Reyranellaceae	11.00145537	25.72327662	1846.315728	34.7918472	754.0189829	21.48371646
o__RF39;f__UBA660	1006.162035	1441.617696	1064.952214	151.1816893	3354.526821	488.273974
o__RFN20;f__CAG-288	0	0	4.534103836	0	24.67223243	4.903308848
o__RFN20;f__CAG-449	6.241350575	87.01804537	0	0	0	5.64939799
o__RFN20;f__CAG-631	0	0	0	0	0	6.157398884
o__RFN20;f__CAG-826	735.9350237	712.4777456	161.8455673	77.57070277	629.9299959	75.44487681
o__RFN20;f__UBA1709	12.08146992	59.090518	0	3.699985537	15.92548713	0
o__RFP12;f__JAAYNR01	0	0	0	0	1079.950231	0
o__RFP12;f__UBA1067	12.23803545	24.33172329	2.109668944	8.893629426	371.0164616	0
o__RGZZ01;f__RGZZ01	0	0	0	0	12.73363046	0
o__Rhizobiales;f__Aestuariivirgaceae	21.11408924	116.5893799	615.7712431	6.199793574	688.3266626	35.01227585
o__Rhizobiales;f__Afifellaceae	0	4.11570368	0	0	0	0
o__Rhizobiales;f__Ancalomicrobiaceae	0	4.36682911	0	0	0	0
o__Rhizobiales;f__Beijerinckiaceae	264.2811217	361.7965558	3135.101046	308.2682508	3011.775563	60.24761284
o__Rhizobiales;f__Devosiaceae	12.10319324	71.89006302	0	6.810053036	958.9500926	4.55383445
o__Rhizobiales;f__Hyphomicrobiaceae	4.783475889	191.2697224	12.94320913	11.49984674	456.8184355	12.18273793
o__Rhizobiales;f__Kaistiaceae	0	0	259.6811784	0	0	0
o__Rhizobiales;f__Labraceae	0	0	0	0	11.29994428	0
o__Rhizobiales;f__Rhizobiaceae	965.083741	3689.136233	827.282132	356.5687592	9009.638869	349.032972
o__Rhizobiales;f__Stappiaceae	199.1080541	81.06013034	145.9521692	44.5667589	475.1986412	33.5576821
o__Rhizobiales;f__Xanthobacteraceae	580.1877197	297.7552573	348.1905049	145.1834627	1799.241372	123.8822791
o__Rhizobiales_A;f__Rhizobiaceae_A	928.6644412	1321.666539	465.8696861	213.334198	3300.768175	499.4737601
o__Rhizobiales_B;f__TMED25	62.6466163	25.87600653	240.0061003	22.51009437	270.3550404	32.07767472
o__Rhodobacterales;f__Rhodobacteraceae	3858.015409	12096.95861	2958.477109	1402.352014	25919.85467	2009.060981
o__Rhodospirillales;f__2-02-FULL-58-16	0	0	0	0	8.241113416	0
o__Rhodospirillales;f__2-02-FULL-58-16_A	0	6.737551546	0	0	0	0
o__Rhodospirillales;f__Casp-alpha2	7.846186075	0	12.47689362	0	13.56454322	0
o__Rhodospirillales;f__Magnetospirillaceae	0	3.645403878	0	0	278.1648826	4.752043014
o__Rhodospirillales;f__Rhodospirillaceae	0	4.865497727	0	0	3.40028239	0
o__Rhodospirillales;f__UXAT02	0	6.163724693	35.06494201	0	14.67739682	0
o__Rickettsiales;f__Anaplasmataceae	240.8479828	382.8015249	269.5877344	52.36864494	619.7012122	179.5361073
o__Rickettsiales;f__CAIJLX01	3.620384378	42.35964281	11.50341609	0	47.70999029	0
o__Rickettsiales;f__Deianiraeaceae	0	0	0	0	8.329614195	0
o__Rickettsiales;f__Midichloriaceae	0	26.45419178	25.37631641	20.60190246	58.53103426	18.57870359
o__Rickettsiales;f__RGZB01	8.693961777	7.138992724	9.385890274	0	861.6183022	3.39285836
o__Rickettsiales;f__RI-342	0	0	0	0	6.250767801	0
o__Rickettsiales;f__Rickettsiaceae	270.3145472	232.1381923	1252.694345	31.94271935	3979.894976	145.6198995
o__Rickettsiales;f__UBA1997	8.979080074	23.9894604	55.6685009	7.982963252	590.6556825	24.41042946
o__Rickettsiales;f__UBA3002	16.97861534	32.40898389	20.83236343	0	15.75586379	53.0640614
o__Rickettsiales;f__UBA6187	0	0	0	0	9.104663071	0
o__Rickettsiales;f__UBA998	0	133.766639	159.0849687	27.25356501	25.98903699	0
o__Rickettsiales_A;f__Deianiraeaceae	71.18144712	9.148440396	0	17.53222992	0	11.25510637
o__RKRP01;f__RKRP01	0	0	0	0	56.45694222	0
o__Rokubacteriales;f__GWA2-73-35	15.63761879	43.8943221	8.373325256	28.22766058	0	0
o__Rs-D84;f__CACZYB01	0	0	9.541242664	0	5.119247145	0
o__Rs-D84;f__Rs-D84	131.6030017	37.12313854	16.65385286	0	77.55097696	22.90724622
o__RUG11792;f__RUG11792	5.962232299	15.8775116	21.23492539	0	14.71183792	0
o__S15B-MN24;f__UBA4093	0	0	0	0	6.650220826	0
o__Saccharimonadales;f__2-12-FULL-41-12	0	0	0	0	5.205226888	0
o__Saccharimonadales;f__AWTP1-31	6.756911897	0	0	10.95424467	0	0
o__Saccharimonadales;f__CAIOMD01	86.13329712	133.4777176	265.8558317	68.34522481	160.0548911	3.675062187
o__Saccharimonadales;f__OMJO01	0	4.989837596	0	0	0	0
o__Saccharimonadales;f__Saccharimonadaceae	170.5834399	211.9250741	253.6159527	14.7397988	779.9191071	21.04746831
o__Saccharimonadales;f__SZUA-47	168.8038483	98.20207363	264.2682348	13.86051895	9142.30028	3.883787791
o__Saccharimonadales;f__UBA1547	73.3519233	0	0	0	0	0
o__Saccharimonadales;f__UBA4665	80.63726828	31.4506104	4.131940135	88.80631435	167.6195304	26.88773765
o__Saccharofermentanales;f__DTU023	0	5.769114645	0	22.06404912	4.430070579	0
o__Saccharofermentanales;f__Fastidiosipilaceae	0	21.6666863	10.6201174	0	32.23558292	0
o__SAR202;f__GCA-002694895	195.6993359	241.1630095	73.41139675	42.27147135	508.8921619	15.38402448
o__SAR202;f__GCA-2719675	5.124385879	52.86900789	9.105649458	0	23.40635469	0
o__SAR202;f__UBA2962	73.37833323	243.1977119	52.57505839	0	244.1888965	4.668155653
o__SAR202;f__UBA826	88.62794231	205.6743011	53.874161	45.21609291	253.4473662	68.58610731
o__SAR86;f__AG-339-G14	544.0794974	601.5665553	412.9479776	254.9047023	1229.848955	810.5813968
o__SAR86;f__D2472	8700.370523	7460.969099	4676.914918	1402.989466	15605.17431	1618.307488
o__SAR86;f__SAR86	784.4421597	1044.999194	587.8950895	957.2043926	2036.544001	195.9196163
o__SAR86;f__TMED112	5463.277751	4506.416	3524.927808	971.5129141	11582.63277	1066.430066
o__SBR1031;f__A4b	0	25.42379301	0	0	196.0033943	16.30893671
o__SBR1031;f__J027	0	0	0	0	396.495827	0
o__SBR1031;f__UBA3940	0	0	6.013063666	0	22.91515578	0
o__SCGC-AAA003-L08;f__GCA-2689995	61.05642283	121.5925544	35.71052653	0	177.4340304	0
o__SCGC-AAA011-G17;f__ARS1178	0	0	0	0	14.56781005	0
o__SCGC-AAA011-G17;f__GCA-2687185	0	24.41862664	7.140488161	0	43.84152685	24.06158778
o__SCGC-AAA011-G17;f__GCA-2687815	0	0	4.452920343	5.931893491	0	0
o__SCGC-AAA011-G17;f__PNOQ01	0	5.455999294	0	0	0	0
o__SCGC-AAA011-G17;f__SCGC-AAA011-G17	18.53032739	0	9.80945357	0	55.2855888	0
o__Sedimentisphaerales;f__UBA12454	0	0	0	0	20.44790754	0
o__Selenomonadales;f__Selenomonadaceae	12.80080457	0	4.043836575	0	103.7385883	6.114947654
o__SG8-24;f__GWF2-40-263	0	0	0	0	27.24191447	0
o__SG8-24;f__UBA9934	0	0	0	0	7.018983734	0
o__Silvanigrellales;f__Silvanigrellaceae	19.1210112	14.21838019	47.35866733	0	167.0856765	0
o__SJA-28;f__B-1AR	0	0	0	0	14.28471595	0
o__SLAD01;f__SLAD01	0	3.990918155	0	0	0	0
o__Sneathiellales;f__Sneathiellaceae	10.14942938	8.987384126	0	0	10.13507621	5.048243244
o__Solirubrobacterales;f__70-9	0	0	33.51418784	0	39.90204375	0
o__Solirubrobacterales;f__Solirubrobacteraceae	40.82668733	114.0880409	146.5914312	38.19282415	420.7589542	14.39173247
o__Sphaerochaetales;f__Sphaerochaetaceae	0	0	5.148385836	7.404865588	46.13716054	29.58163397
o__Sphingobacteriales;f__CAIKLP01	110.7096986	160.0431757	10.70435143	31.40306468	107.7847921	68.03056184
o__Sphingobacteriales;f__Sphingobacteriaceae	828.4173006	1793.963209	473.0941398	250.048977	4008.453921	363.2854951
o__Sphingomonadales;f__Rhodothalassiaceae	0	0	0	0	6.36216596	0
o__Sphingomonadales;f__Sphingomonadaceae	4161.80586	10695.00936	2466.245049	935.1385763	13950.15827	2242.094109
o__Staphylococcales;f__Gemellaceae	269.5455052	163.2789484	32.30402952	59.08155809	142.1398857	20.43156221
o__Staphylococcales;f__Salinicoccaceae	21.97851879	41.32338611	0	0	37.73000198	3.445319821
o__Staphylococcales;f__Staphylococcaceae	1579.829069	1329.705285	1477.28175	341.6008973	1447.082417	271.9558577
o__Steroidobacterales;f__Steroidobacteraceae	41.6035348	436.8174701	193.8145516	228.1417938	5638.933988	30.94994739
o__Streptomycetales;f__Streptomycetaceae	8.052046928	75.46960898	30.89245492	0	1555.650321	3.006785961
o__Sulfolobales;f__Pyrodictiaceae	0	0	0	0	17.86314999	0
o__SW-4-49-11;f__SW-4-49-11	0	0	0	13.88647054	49.17390666	0
o__SXXA01;f__SXXA01	8.41733182	0	12.50944641	0	7.303009514	10.21126424
o__Synergistales;f__Aminobacteriaceae	0	0	17.85694088	0	0	5.099589827
o__TANB77;f__CAG-465	62.06938975	10.30640086	0	0	29.47792134	0
o__TANB77;f__CAG-508	0	6.435146446	13.84295766	0	92.43036717	67.09695362
o__Thalassobaculales;f__Nisaeaceae	143.8583186	49.6727253	85.0605698	30.38437851	415.9377566	28.54627345
o__Thalassobaculales;f__Thalassobaculaceae	0	0	0	0	5.563509689	0
o__Thermococcales;f__Thermococcaceae	70.07257912	27.0342752	0	0	166.0223917	18.81157663
o__Thermodesulfovibrionales;f__Thermodesulfovibrionaceae	0	0	0	0	0	4.820375663
o__Thermoflexales;f__J036	0	0	0	0	7.277582425	0
o__Thermomicrobiales;f__UBA6265	0	0	0	0	4.623531464	0
o__Thermosynechococcales;f__Thermosynechococcaceae	0	0	0	0	34.62165023	0
o__Thiohalomonadales;f__Thiohalomonadaceae	0	0	0	0	14.03846721	0
o__Thiomicrospirales;f__Thiomicrospiraceae	81.48762643	119.1598728	46.36503613	22.52712487	185.1649022	19.47781234
o__Thiotrichales;f__Thiotrichaceae	67.18319742	19.15771326	11.07197449	0	95.99989291	0
o__Tissierellales;f__Peptoniphilaceae	14.90642052	17.7994565	0	15.05461899	14.00311316	6.53626305
o__Tissierellales;f__Sedimentibacteraceae	6.475693425	0	0	0	15.5415323	0
o__Tissierellales;f__Tepidimicrobiaceae	0	6.498946862	6.948704976	0	12.92260364	0
o__Tissierellales;f__Tissierellaceae	12.93646209	0	0	0	6.079180296	3.616224213
o__TMED109;f__TMED131	0	0	0	0	31.57574725	0
o__TMED127;f__TMED127	0	0	19.80537235	6.780133007	11.49236003	0
o__Treponematales;f__Treponemataceae	0	0	5.54819465	4.263554632	61.98982325	0
o__Tumebacillales;f__Tumebacillaceae	10.85440848	0	0	0	0	9.661571212
o__UBA10030;f__UBA10030	29.53147191	133.1131382	12.60584819	0	354.2309387	5.649426783
o__UBA10092;f__UBA10092	0	0	0	0	56.0248628	0
o__UBA10117;f__ARS21	56.60902127	397.1234714	309.7702112	185.7882492	4921.303748	15.97632767
o__UBA10117;f__UBA10117	0	0	0	0	3.009787066	0
o__UBA101185;f__UBA10185	7.596808694	0	4.191807104	0	5.982394649	8.404621984
o__UBA1018;f__CAIMNF01	0	0	0	0	9.850067184	0
o__UBA1018;f__UBA1018	0	0	0	0	18.27411737	0
o__UBA10834;f__UBA10834	0	6.158904908	0	0	0	0
o__UBA1113;f__UBA1113	190.6580492	56.93254109	287.0072173	0	288.6679473	0
o__UBA1127;f__UBA1127	0	15.20031778	0	0	135.8051759	0
o__UBA11346;f__UBA11346	275.3194795	196.868934	128.1586195	15.01804254	141.4318653	0
o__UBA1135;f__GCA-002686595	0	0	25.05917481	0	1758.5382	0
o__UBA1135;f__UBA1135	7.850536279	0	0	0	5.994095011	0
o__UBA1146;f__UBA1146	17.04212865	6.509578251	16.92544767	0	55.39580479	0
o__UBA1151;f__Bin127	77.79430751	84.72624178	28.70852615	4.135560221	122.804411	23.34861632
o__UBA1151;f__TMED-70	39.40209109	97.21343436	45.79522962	23.85670298	152.3571001	24.76469498
o__UBA1151;f__UBA1151	0	148.0318703	8.231710161	0	45.34868287	0
o__UBA11654;f__UBA11654	135.0454391	113.2923451	117.8318559	40.49353925	1422.511515	23.71262783
o__UBA12225;f__UBA12225	0	0	7.980552627	0	289.7516498	0
o__UBA12402;f__UBA12402	0	0	0	5.909112737	9.41587989	0
o__UBA12405;f__UBA12405	1801.06065	622.1392986	159.6180569	65.0650731	455.6422929	999.6383113
o__UBA1369;f__GCA-2718715	21.12876729	0	22.08636366	0	12.12184385	76.16651877
o__UBA1369;f__LOWO2-01-FULL-3	0	6.755751789	0	0	0	0
o__UBA1400;f__MFAQ01	0	55.21568137	0	0	126.9720665	0
o__UBA1400;f__PJMF01	124.9930906	36.84271474	0	0	82.5474207	0
o__UBA1406;f__GWC2-37-13	61.15108191	14.89316793	56.80602156	32.05851482	190.3436836	0
o__UBA1444;f__UBA1444	8.27100013	57.87736267	3.883368447	0	44.57395629	0
o__UBA1558;f__GWA2-36-10	0	24.13368654	0	3.462481565	24.79094706	0
o__UBA1845;f__Fen-1342	0	0	0	0	10.33670799	0
o__UBA2196;f__GWA2-42-15	70.85712111	0	108.1368931	52.00419689	10.92986734	0
o__UBA2361;f__CAIXSY01	13.65092018	0	0	0	169.1764256	0
o__UBA2361;f__OMII01	109.2775603	278.8248987	293.9528503	0	1299.572419	54.29293904
o__UBA2361;f__OMIW01	0	0	0	0	4.434887023	0
o__UBA2361;f__RFPC01	0	9.372411352	27.97334088	0	275.1867671	4.683210054
o__UBA2361;f__UBA2361	0	0	0	0	39.95340106	0
o__UBA2386;f__UBA2386	0	9.24246825	17.80972642	0	739.7612931	0
o__UBA2394;f__UBA2394	0	0	0	0	8.486530165	0
o__UBA2428;f__UBA2428	0	0	0	0	7.579896913	0
o__UBA2466;f__UBA2466	0	0	0	0	518.5629977	3.808837917
o__UBA2963;f__UBA2963	0	7.705964373	0	0	4.366965677	0
o__UBA2979;f__UBA2979	7.193375435	0	28.89896628	0	69.50055859	0
o__UBA2985;f__UBA2985	102.8530152	18.03815064	33.55863702	18.95736577	39.96841323	23.32742604
o__UBA2991;f__UBA2991	0	0	0	0	0	4.934770157
o__UBA3495;f__GCA-2712585	43.49844635	50.82294592	10.1098855	0	82.47660186	0
o__UBA3495;f__UBA2588	57.04506556	14.92604013	4.082836729	0	51.35368452	0
o__UBA3495;f__UBA3495	361.8454798	376.5195004	38.95906193	7.78559906	837.3741007	20.26653645
o__UBA3830;f__UBA3830	0	0	0	0	64.08392388	0
o__UBA4486;f__UBA4486	0	33.87310808	39.44362209	4.926712181	96.11787772	0
o__UBA4575;f__UBA4575	0	14.87167516	0	0	14.93063729	0
o__UBA5335;f__UBA5335	0	0	0	0	64.25587351	0
o__UBA6002;f__UBA6002	7.186750542	40.53683126	0	8.208690542	0	0
o__UBA6186;f__UBA6186	0	15.00992339	0	0	21.6219794	0
o__UBA6257;f__1-14-0-10-40-38	0	0	11.00290766	22.38570972	8.86559574	5.337538406
o__UBA6522;f__UBA6522	1182.594925	281.2713709	12.56643355	3.500558655	981.6305063	56.14543474
o__UBA6615;f__UBA6615	0	0	0	0	4.723166958	0
o__UBA6919;f__UBA6919	13.50496181	48.80276017	0	0	70.79477046	0
o__UBA6926;f__UBA6926	20.98637318	12.80425093	97.90502432	0	49.97764033	5.212312847
o__UBA6952;f__QGNO01	0	27.98533787	7.336083079	0	39.81163591	0
o__UBA6952;f__UBA6952	0	0	0	0	5.103888528	0
o__UBA727;f__VGSZ01	16.00224437	22.48280339	0	0	30.49786477	23.49690621
o__UBA7366;f__UBA7366	0	7.311753386	0	0	0	0
o__UBA7541;f__UBA7541	0	0	0	0	18.53286895	0
o__UBA7662;f__UBA7662	35.74753592	102.6068568	11.26366456	0	613.8513533	6.14869788
o__UBA7694;f__UBA7694	0	0	0	0	26.48873048	0
o__UBA7887;f__UBA7887	0	24.56316313	0	0	0	0
o__UBA7916;f__GCA-002691585	147.2625883	72.87572431	34.05105231	49.48201936	129.3978666	0
o__UBA7916;f__UBA1515	0	0	0	0	111.1247207	0
o__UBA7916;f__UBA7916	210.6192594	120.6254049	16.85157802	17.52663326	310.7634138	303.5743202
o__UBA796;f__GCA-2862545	0	0	0	0	90.99713438	0
o__UBA796;f__SXON01	69.56032483	9.836941642	6.740505997	56.96518166	1466.28543	0
o__UBA796;f__UBA2385	0	4.290709137	20.80402932	0	352.6328449	0
o__UBA7976;f__UBA1532	0	0	0	0	574.2130882	0
o__UBA828;f__UBA828	0	0	6.514267095	0	0	4.583910674
o__UBA8416;f__JADHWI01	0	0	0	0	8.746162792	0
o__UBA8890;f__UBA8898	0	40.13365395	0	0	0	0
o__UBA9042;f__UBA9042	33.57960198	9.443250414	17.21855785	11.64020302	900.8816118	0
o__UBA9160;f__UBA4427	0	0	0	0	11.39515676	0
o__UBA9339;f__UBA9339	0	0	0	0	15.00511486	0
o__UBA9570;f__UBA9570	0	0	0	0	36.46556713	0
o__UBA9983_A;f__CAIZIN01	5.608065992	0	7.852771195	0	6.498597183	0
o__UBA9983_A;f__CAIZLB01	48.72218494	26.01918128	21.21494266	75.48437432	208.0938241	50.87085529
o__UBA9983_A;f__CAJBMK01	0	0	0	0	17.97297839	0
o__UBA9983_A;f__CSBR16-119	0	0	0	0	8.459062151	0
o__UBA9983_A;f__GWA1-40-21	123.0614396	104.3081304	45.22615669	43.21657371	303.1715676	102.6644112
o__UBA9983_A;f__PALSA-1337	722.7927273	1188.91908	276.8471126	43.50388376	1094.676756	324.5719254
o__UBA9983_A;f__UBA1006	37.20513911	31.56147663	21.21004693	10.8077734	100.0053185	0
o__UBA9983_A;f__UBA11359_A	29.40929161	12.00649627	4.217688487	23.27913235	25.76638532	21.81035605
o__UBA9983_A;f__UBA11359_C	0	3.156579923	14.44186792	0	0	0
o__UBA9983_A;f__UBA1539	0	15.90385202	0	0	35.97247031	0
o__UBA9983_A;f__UBA2163	288.7535931	494.0996335	251.044488	180.4794706	1249.429516	133.9165223
o__UBA9983_A;f__UBA5272	7.596899843	0	54.0056076	17.33499731	109.0518273	6.957964759
o__UBA9983_A;f__UBA9973	365.2602621	297.2011519	217.6714754	120.1533439	1239.366966	261.093514
o__UBA9983_A;f__Zambryskibacteraceae	34.90734706	54.4486542	36.74963818	47.01910759	756.5448471	28.52012436
o__UBA9983_A;f__Zambryskibacteraceae_A	74.37187248	29.29631618	64.75224694	60.43912063	167.3600082	23.35667487
o__Undinarchaeales;f__Naiadarchaeaceae	89.83166991	0	0	0	18.11904283	0
o__Undinarchaeales;f__UBA543	0	0	0	0	15.25918964	0
o__Vampirovibrionales;f__Vampirovibrionaceae	0	0	0	0	11.02731296	0
o__Veillonellales;f__Veillonellaceae	0	0	0	0	10.37616879	0
o__Verrucomicrobiales;f__Akkermansiaceae	14038.53422	11338.83384	3966.912829	2976.67889	14363.02474	5309.827183
o__Verrucomicrobiales;f__DEV007	11.442035	203.4334957	431.5158817	0	1426.365395	0
o__Verrucomicrobiales;f__SKLO01	7.214925485	0	0	0	0	31.55877254
o__Verrucomicrobiales;f__SLCJ01	0	0	0	0	13.21860916	0
o__Verrucomicrobiales;f__V1-33	1804.719335	1586.642495	353.5418529	149.057273	235.8231643	1311.526175
o__Verrucomicrobiales;f__Verrucomicrobiaceae	1489.420336	1841.687419	2000.092203	78.53791822	10986.48075	905.0693072
o__Vicinamibacterales;f__UBA2999	0	0	3.326417305	0	88.47416194	0
o__Vicinamibacterales;f__Vicinamibacteraceae	0	0	0	0	101.2426657	0
o__Victivallales;f__Victivallaceae	0	0	0	0	0	9.260873682
o__Woesearchaeales;f__B54-G15	0	0	0	0	13.52606169	0
o__Woesearchaeales;f__B72-G16	18.55780962	156.0354441	63.49785181	11.38800031	122.0973198	0
o__Woesearchaeales;f__CG08-08-20-14	6.197486661	0	0	0	0	0
o__Woesearchaeales;f__GW2011-AR4	0	0	0	0	184.3739801	0
o__Woesearchaeales;f__GW2011-AR9	0	0	0	0	61.38156834	0
o__Woesearchaeales;f__JABMPP01	0	13.24134493	0	0	13.73884387	0
o__Woesearchaeales;f__PXDW01	7.693763666	0	0	0	0	0
o__Woesearchaeales;f__UBA10200	15.95813193	0	0	0	9.384902632	0
o__Woeseiales;f__Woeseiaceae	110.8349457	71.41566464	61.18043955	55.81038617	88.36864572	9.648933417
o__Woykebacterales;f__RBG-16-39-9b	0	0	0	5.934577571	76.37024389	0
o__WRAU01;f__WRAU01	0	12.43927448	0	0	9.058744325	0
o__WRBN01;f__WRBN01	0	0	0	0	19.14092928	0
o__WYAZ01;f__WYAZ01	0	0	0	0	20.83075934	0
o__Xanthomonadales;f__Ahniellaceae	0	0	37.563034	0	44.13145254	0
o__Xanthomonadales;f__Rhodanobacteraceae	74.26859073	147.7206964	155.6211999	381.5989008	3234.901715	62.34879359
o__Xanthomonadales;f__SZUA-36	23.56864905	19.62811693	0	0	92.58643934	5.622934661
o__Xanthomonadales;f__Wenzhouxiangellaceae	76.73668118	14.08193977	5.139094017	29.78965439	57.98854966	8.807797383
o__Xanthomonadales;f__Xanthomonadaceae	503.931745	1935.274768	607.7928916	61.26963648	3709.688309	378.8688196
o__ZOR0006;f__BHER01	0	6.725957816	0	0	0	0
o__ZOR0006;f__VBWP01	48.99224727	18.04596194	0	0	58.36162918	22.09636982
Unclassified	1552788.251	2171252.85	1053936.77	481190.2868	6463747.077	574435.1147